15.595390
7.039752
7.189616
7.324675
6.695268
6.832507
7.062407
8.757400
13.207669
10.067413
9.863650
10.864093
10.201641
10.869176
11.899824
6.797928
7.152643
12.639787
12.024097
8.490401
6.739739
7.835723
12.765345
20.547645
9.971082
6.779688
7.050064
6.779820
10.136241
9.876280
11.856537
17.709635
7.122277
8.978238
9.675911
13.321278
13.448945
19.984097
14.171742
11.977545
16.162411
15.966601
17.499071
7.263098
10.442658
32.106598
21.099818
18.221846
13.169601
20.830901
6.753526
7.980599
12.024456
8.591658
7.271082
17.104425
15.519238
6.811128
6.849214
7.391183
10.090667
7.078585
6.951684
6.912849
6.885870
7.167190
6.842116
7.263797
13.028973
11.163367
7.058008
8.238183
15.776640
7.876969
7.109385
7.584713
12.987091
17.127449
9.489723
10.071871
16.771595
16.816986
17.377870
8.155652
6.991963
10.804689
16.719536
12.889599
6.948621
7.152804
7.034376
6.741224
10.179561
14.763911
7.568211
8.056482
17.659468
16.327499
11.536842
15.198813
8.487656
12.791411
11.252353
10.143607
17.598945
8.107153
7.880293
10.476165
16.881146
14.416961
13.124497
19.494490
14.836040
12.133336
13.440858
13.863064
9.753859
13.688621
14.233994
8.174529
8.100840
8.218265
7.389786
15.903404
15.135445
7.451508
6.841292
6.725457
9.169148
7.979374
11.206199
10.087990
18.230756
9.645839
8.274759
10.216902
11.271856
6.923619
10.582940
10.961799
7.240539
8.040335
7.660498
7.090978
7.514496
8.094030
8.002567
7.985945
7.503603
7.064552
7.213435
8.141546
7.901058
6.882675
7.320068
7.308901
7.258653
6.979504
7.195714
7.360031
8.264692
8.359280
6.990551
8.493831
8.898509
14.806689
14.834313
7.664090
7.169181
6.853749
6.874982
10.196503
8.208974
7.141081
7.109497
7.082164
7.212156
7.052517
13.491522
13.924243
11.271969
12.209822
19.090565
18.956288
22.720354
12.632521
10.955333
9.751169
7.163037
6.939812
8.573613
8.813479
7.721183
8.143891
8.130738
8.183934
8.117477
6.904573
7.272506
7.369278
7.076418
7.413665
7.011989
7.375831
7.852368
6.797204
6.870250
6.857757
6.730086
9.142734
11.922876
9.130404
10.343024
9.721939
6.829178
7.352127
7.648162
7.085282
7.794000
6.976765
7.226481
7.598123
10.195283
6.984605
7.489763
7.398611
12.961863
12.887164
9.062623
8.242631
9.629019
9.404270
14.330218
14.270999
7.107852
7.026227
6.854182
7.257370
7.081835
7.249758
8.413446
10.890602
7.884620
10.468872
7.303345
7.637320
9.128023
10.205195
7.092987
7.212235
8.544037
9.695115
8.821976
8.355221
7.061312
7.181403
6.867423
7.231564
7.433198
9.741973
7.103243
7.043716
8.063634
7.767372
7.614396
9.460374
9.715537
9.407453
8.998987
9.115520
9.266431
8.470146
10.270298
8.610520
7.281808
8.894144
8.311422
9.075603
12.349445
14.692503
17.232409
12.359353
12.699232
10.683917
8.929491
7.747629
10.039881
13.871675
7.082101
6.883700
7.034012
13.058943
9.956961
11.063068
11.282843
7.429335
6.948748
6.955543
7.484819
7.123868
7.345052
8.330659
8.774609
7.160737
7.863797
7.492471
7.006640
7.241363
7.331865
11.545995
13.105569
8.394637
6.971756
6.991210
6.983834
11.017008
14.913603
13.438231
15.694436
7.217693
7.171964
9.289679
8.282514
12.362135
14.970437
8.935272
7.168559
7.252260
7.009499
6.831408
6.868528
11.399806
8.674624
8.300038
8.228659
7.462456
7.326617
6.923514
6.845314
7.615281
8.546965
8.748045
6.951393
7.656709
6.857178
7.123750
11.896044
11.682331
12.259052
7.939389
8.143319
11.491369
13.306921
10.336743
12.464872
9.254174
8.640917
7.057826
7.236730
10.586195
10.414675
6.941659
7.134193
6.871468
7.671453
9.815239
10.603418
16.155154
13.161851
12.572878
10.786276
6.949213
8.975820
17.085303
18.509763
15.170545
7.227584
7.506118
11.977071
10.527187
7.215162
7.225779
7.002455
8.130882
6.958409
8.267427
8.463941
6.783886
10.773956
15.558919
24.129503
15.383477
12.925152
8.530705
11.894127
15.499857
12.715288
7.669786
7.745705
6.609241
10.972075
12.376003
10.990811
9.372336
8.290904
16.533178
11.310180
10.539222
12.670166
10.371601
9.932465
8.542253
10.046857
8.384223
10.057828
15.412079
9.924824
8.785434
16.027117
14.806699
13.348296
21.359610
9.475315
7.735625
9.178359
7.888078
6.891183
6.834470
7.215650
6.979387
7.081649
6.951082
7.189141
6.934813
6.796659
7.243787
7.398106
7.190922
7.060278
6.935331
7.111929
6.818503
8.104729
8.319326
8.947259
9.280783
16.389765
7.234701
19.826032
16.398286
15.035465
10.751287
13.331256
8.301796
6.896349
7.050368
7.224557
7.531325
8.541551
9.034183
7.337147
9.730772
13.468042
8.637631
7.081709
8.071305
6.755563
7.088221
7.263069
6.841688
7.077645
7.048378
6.898444
9.981798
15.277940
10.473327
10.105071
15.240246
14.968020
12.176783
11.037502
11.629972
14.689175
12.907397
11.783142
8.176431
10.157724
8.012614
7.240153
7.074329
6.819938
6.849953
7.612587
7.012129
7.030543
7.648993
7.520348
7.013656
7.273470
6.808375
7.532058
21.375577
20.279701
13.954463
7.465749
7.163574
8.664932
13.209596
13.442936
8.119158
8.311549
13.775997
6.809145
7.836454
8.587913
8.137170
8.284243
7.644044
8.249594
14.377321
8.713991
14.444090
22.947401
16.276298
11.485436
11.457933
23.272863
10.544840
7.019729
7.175997
9.574400
7.708657
7.114722
6.981414
7.084630
7.165400
7.067509
7.506970
7.404591
7.774330
9.749302
8.818099
7.838389
7.939308
14.091310
9.603175
9.108799
13.323606
14.219961
9.632828
7.666590
7.212697
8.716092
15.085613
12.148252
17.244461
15.948527
10.902211
9.304436
13.537812
13.470916
12.600107
11.859914
13.227652
17.179664
8.353504
7.950582
10.673780
7.145322
7.075523
7.550644
13.063221
7.233075
6.751674
6.979754
12.052552
18.857697
11.690053
11.586334
9.867341
17.904678
11.094195
10.746174
24.842103
22.745088
17.333202
12.986461
18.171971
9.390193
7.403702
9.164845
8.282772
14.850037
22.111709
8.289755
8.361260
22.158186
26.035896
13.545635
9.644622
11.081982
12.400580
18.043122
14.258254
25.307850
15.659054
17.075267
12.714107
11.294709
10.725243
7.215693
7.211941
8.300070
7.143278
9.169964
6.756656
7.103570
7.026116
6.960894
6.920715
6.890437
7.338173
7.595253
7.958375
7.273598
23.001728
9.136480
13.018611
9.794448
16.150914
20.523185
13.026685
20.876412
7.762924
7.923885
17.211182
9.863618
14.565981
13.072214
13.542599
7.782856
10.884331
15.757283
7.835404
7.199595
7.217266
7.534033
6.945381
7.391293
8.853788
10.199055
10.900969
7.009147
6.718297
8.360115
7.407067
9.270353
9.822351
13.429729
7.594123
6.843891
7.029535
7.047153
6.551861
7.084521
8.825720
15.935150
21.654945
21.278457
13.498378
14.638255
18.821056
19.376310
9.948922
10.231316
13.520773
12.716747
15.185063
14.389672
8.967469
8.184774
16.493469
12.139057
8.823056
12.240682
6.846074
6.986877
6.941941
6.838828
7.160172
8.921831
7.365250
7.017806
7.040543
7.262618
9.849720
14.161639
16.104308
17.355426
8.577994
10.854332
10.611190
10.855500
7.215857
9.049183
6.875414
9.515156
9.836199
7.100520
6.804363
8.387282
6.834117
6.940982
6.698743
6.686114
6.601758
6.922930
7.097187
6.770054
6.773270
7.044537
9.092280
6.951880
6.936009
8.685772
6.989054
9.238568
7.504626
8.009127
11.237884
10.598849
22.346982
12.348521
8.162089
7.560106
21.316827
7.109417
11.270571
17.141849
14.310544
12.023405
15.822619
19.948383
7.122055
7.023369
22.055658
32.811931
17.876466
7.641399
6.984526
7.887008
6.920881
7.045895
7.263677
10.262417
12.375959
15.025489
19.729110
16.715778
15.430655
16.246439
13.912860
6.966159
6.783928
7.030279
6.892112
6.790742
7.036892
9.911702
17.659909
8.632504
9.548939
17.912988
7.635407
6.951203
11.478057
12.955062
9.570901
7.120762
6.784288
13.596929
13.292449
13.802099
21.734722
10.734405
9.832680
16.181003
21.756669
14.788660
12.504140
22.347450
21.751002
8.630112
8.309458
8.627043
8.031490
8.347150
11.717862
13.302363
12.309292
17.019082
20.771149
15.173526
10.587828
9.429539
16.258516
27.482645
19.852839
21.039958
7.450838
22.214622
9.499650
17.679494
8.335902
7.637615
9.047206
9.000958
7.529903
8.029675
8.714937
7.292282
7.468055
7.612693
7.113378
13.580702
13.888137
16.359044
13.756897
16.532685
8.229029
8.651179
10.485142
24.209898
9.018354
15.677550
9.621134
26.880624
11.692924
29.321110
20.217534
8.540213
8.016442
10.002113
7.998222
8.882973
7.090597
7.076446
6.905539
7.064840
7.598743
8.348291
12.993923
17.893352
8.255189
6.763239
6.917939
6.782914
10.346178
11.296688
9.458725
9.272050
9.080704
8.443176
7.492055
17.375148
11.791188
6.724464
6.507616
8.092406
8.846880
6.743922
6.970540
9.867472
9.338723
11.541308
7.737796
8.791041
15.221456
11.772776
10.482702
8.864389
11.465749
9.225714
8.494301
21.856170
19.237516
8.250172
9.557707
15.402790
19.999010
21.652986
8.697528
8.301910
9.871980
7.271711
8.128276
30.313136
10.794487
29.473787
23.363409
23.285457
24.093381
28.237586
15.985000
8.613207
9.486465
9.667325
7.338764
8.674059
9.812171
7.817949
9.468731
9.002973
19.223039
8.220716
6.639666
6.987418
6.676354
6.711380
7.241316
7.443064
13.472070
12.036996
13.603847
17.446792
16.480437
10.414309
7.997264
9.887427
13.138231
8.983586
15.483414
11.962847
11.091365
13.640424
14.862069
13.957646
10.200949
9.932146
14.778392
8.277633
16.868022
6.979846
20.361350
19.290641
17.667130
10.061301
21.051585
7.331517
6.566881
6.893126
13.621469
9.591830
10.782727
9.229532
8.099562
6.852559
7.198747
10.782925
7.220067
7.552528
8.935760
8.777891
8.174139
6.948708
6.692208
7.000315
11.969534
8.963671
10.234263
11.456715
10.377794
15.772009
9.309508
13.510537
9.289290
15.721063
16.293411
24.101524
19.910098
16.341856
14.794789
7.818961
6.677232
7.951441
10.079315
10.976236
17.160837
12.245228
7.685871
7.952745
18.527951
7.897912
8.053225
7.659716
8.727605
7.976767
11.779170
11.625912
11.744697
10.695950
rse = 1.306874
iterations : 1000