15.507263
15.239052
13.905993
13.651227
16.384997
13.743045
13.705697
13.847016
37.213988
16.140593
13.971047
15.771651
16.607679
17.318427
15.712274
13.576519
16.885197
16.087740
14.737076
13.737691
14.457022
21.573519
24.000271
15.486607
13.671160
12.699898
18.395304
15.421669
20.590207
22.369365
17.114838
13.663100
13.464627
13.265396
15.597760
31.958830
20.111048
13.279119
17.882995
15.944343
15.154376
29.581258
17.398076
13.712242
13.799382
14.073135
13.773974
14.237231
13.572759
13.444100
13.499070
13.304515
13.299968
13.385897
13.581614
13.459611
18.213814
17.826001
20.290469
13.350064
13.313828
12.770681
13.408645
13.291952
19.616589
14.605306
13.421790
13.673398
17.746042
17.827299
15.429325
18.369460
17.087249
13.625350
16.397322
15.719538
13.696031
15.211932
13.371853
13.248631
13.477088
13.735582
13.247896
13.412133
13.353998
13.442962
13.219993
13.338603
13.255635
14.246449
17.313211
16.128415
15.132557
16.537171
14.728579
17.856834
23.796660
21.876399
34.134606
14.787307
14.179778
17.631156
16.827978
14.554992
15.361047
18.734637
14.083192
16.017671
17.820391
15.919586
14.081009
17.294897
15.355967
14.002081
13.861758
16.341016
18.918209
18.004376
14.210613
13.535508
13.399808
17.854651
13.457170
13.566518
14.555511
15.562064
13.820604
16.468090
13.722869
13.977423
18.671338
13.284003
14.176248
13.749493
13.346250
13.326642
17.031675
15.701734
13.565884
16.503883
16.442906
13.366330
14.071081
18.476728
14.762856
14.560349
19.752158
15.492182
34.787430
20.113625
13.006664
14.977017
14.046166
15.411961
18.044831
13.494410
14.677595
16.264490
13.228788
13.900029
13.659691
13.320270
14.549279
19.419932
13.328198
13.319118
13.186530
13.371803
13.883258
15.026335
13.374743
13.448956
13.584515
13.370983
13.402730
13.349201
13.429201
13.228794
16.471783
16.337769
14.650069
16.195948
18.529335
18.550592
13.814613
13.518540
14.437448
13.609579
14.184130
13.549004
15.331587
13.714973
13.567265
13.698184
13.558354
13.788591
18.724505
13.386443
13.274794
20.396810
13.415365
13.238380
13.728705
14.035927
17.692357
13.557053
13.616429
16.772598
18.543034
13.352063
13.404598
13.348229
15.394562
14.189116
14.602910
14.584177
16.811182
13.570510
13.352748
13.771936
13.473513
13.780581
13.682400
14.533820
13.741124
13.409456
13.360170
15.730412
16.398600
14.666797
18.236191
14.562337
13.382777
13.397956
13.963598
18.139636
14.057012
14.215514
19.760204
15.076867
13.804231
30.507572
28.228622
24.941598
15.781381
26.283742
21.205339
29.498571
30.354770
18.208895
13.908299
14.195006
13.902956
15.685872
13.363722
13.581824
13.758773
14.158321
14.582325
13.830136
13.612071
13.712758
13.556639
13.614714
13.647063
13.591396
16.456195
14.091385
13.969279
14.807695
21.117256
18.113713
17.008657
13.650069
13.611574
13.586747
13.711680
13.565436
13.813612
13.523699
13.731365
14.058086
16.631669
15.525453
14.795999
14.491769
13.522803
13.598905
13.684570
13.453787
14.135522
14.682281
16.549771
13.615744
13.735880
13.713142
17.630770
19.208521
33.417312
13.538738
13.477122
21.428295
24.576537
13.631525
34.198442
18.293952
21.582761
13.491578
13.417136
13.364151
18.808585
24.009226
18.954961
14.184147
14.554692
18.306716
23.142350
13.390113
14.361326
13.035407
13.254558
13.347491
13.579074
13.468004
13.588883
14.319362
17.062061
31.085312
16.394245
16.855063
13.528603
14.124848
14.329630
17.362506
13.732090
13.102685
17.978599
14.088907
13.748299
14.595905
13.554427
13.692671
14.086527
16.905359
13.573500
13.575459
14.398879
20.038247
13.900863
13.925253
13.809008
14.132548
15.322843
15.373870
18.064800
27.745923
15.098856
13.496167
14.100011
13.925154
13.787056
13.695630
13.234736
13.370218
13.603377
14.182561
13.506592
13.480102
13.921350
13.569548
13.550817
13.711537
13.402159
15.978691
13.762259
13.567857
14.000772
13.324929
15.684930
13.447411
13.657626
13.553464
13.534166
13.621789
13.675567
13.796336
20.558760
24.634980
13.879255
14.021683
14.868518
14.293395
15.084149
15.241699
14.481764
13.642598
13.493633
16.305172
21.845001
15.254776
14.045842
13.497086
16.765763
17.729835
19.248131
13.530052
13.610655
13.933637
13.418708
13.567398
13.514683
13.597686
13.566191
14.323853
13.935380
13.927640
13.966741
17.564363
15.047484
13.589202
13.636982
13.818331
14.562366
13.680652
18.791100
15.351062
13.793243
13.986851
14.461048
14.264736
16.093554
13.626141
13.592695
15.104361
15.654624
13.824528
13.821033
13.663038
13.624429
15.590766
15.847859
19.135907
13.595627
15.476401
20.977165
37.082520
15.028405
13.684528
14.063664
14.518581
13.841639
13.729214
13.785446
13.697801
14.081753
14.149284
14.278037
15.637366
21.258636
18.089738
15.589915
15.446150
14.100597
36.450849
13.598124
13.654470
13.584355
13.830518
13.907452
13.583517
13.555848
15.841190
15.750965
14.998306
14.304172
17.109136
13.984947
13.596431
13.617095
13.639825
13.581455
13.669201
13.685069
13.614045
13.545104
13.877394
13.591526
16.751078
15.552710
23.485682
21.153232
14.329478
13.880509
13.753251
13.724084
13.517979
14.401169
15.015884
21.741718
13.944125
12.525917
19.089216
14.045677
13.960886
15.429578
13.938059
13.567868
16.533748
16.269595
30.219756
13.806580
13.265721
13.989140
13.491964
13.855274
13.648540
14.272183
17.396650
20.880173
22.020578
13.669424
13.611977
16.988505
17.753228
13.748650
14.139474
15.999778
16.551096
16.022202
13.798590
20.656254
20.661106
15.363353
14.960810
15.361376
14.658665
13.923869
14.455651
15.364832
14.004488
14.414192
13.759096
13.588434
13.414368
13.564839
15.658146
16.061417
19.105014
17.924154
14.272761
29.505796
29.242635
15.362251
14.931862
13.734250
13.811444
14.617584
23.400561
24.414630
14.362714
13.776887
21.283190
14.636002
15.868211
15.484999
14.507444
13.721942
13.646794
13.300505
13.285027
13.315552
13.531468
13.935229
22.201601
13.623814
13.482503
13.427137
13.445788
13.711887
13.738789
13.684585
13.458291
13.368203
13.413829
13.478104
rse = 0.999206
iterations : 584
