8.682528
6.270187
8.530601
7.208940
2.127239
1.500713
1.468151
1.502529
1.500421
1.517256
1.500381
1.506563
1.526747
1.850578
1.500659
1.508744
1.975674
3.022567
4.725696
7.390132
7.963345
8.050031
8.509445
8.441224
8.564604
8.523515
8.491341
8.478803
8.436594
8.046597
8.396210
8.478383
8.409027
8.575568
8.639023
8.511649
8.412595
7.426644
7.064880
6.546633
8.513474
8.577232
8.483501
8.900897
8.640830
8.680215
7.891660
8.884882
8.531846
8.447180
8.233438
8.555492
8.565968
8.576800
8.423790
6.769935
2.553742
1.483177
2.935496
7.309938
8.349054
8.597500
8.601363
6.811016
4.505639
3.312964
4.940582
6.431396
5.840561
8.462318
6.332168
4.147819
4.644853
6.432710
2.450404
1.500599
1.500829
1.500773
1.509540
1.558665
1.523580
1.508356
1.561891
1.500442
1.666348
1.500608
1.506608
1.501568
1.500915
1.502881
1.513169
1.506968
1.520371
1.637416
1.506329
1.500942
1.508958
1.513606
1.512011
1.559133
1.612563
2.390902
4.422376
3.808614
4.269614
3.566732
3.633718
3.118974
2.017774
1.780061
1.619091
1.520537
1.520639
1.777294
2.215266
3.709107
3.960987
2.994940
4.283280
3.679309
3.751900
3.791038
5.632593
8.493633
8.436542
8.507023
7.930700
8.428669
5.425254
8.239324
8.539050
8.138317
7.751492
7.400659
7.417794
7.214391
8.619088
8.547425
4.823348
3.066884
6.373498
4.129355
4.155028
2.852928
3.187400
4.515745
8.056805
8.705540
4.052725
3.387260
8.432794
7.358473
8.402349
8.504603
8.637280
8.530518
8.516595
8.550390
8.695802
7.590096
8.437926
8.541927
8.683372
8.588633
8.469718
8.752066
8.565593
8.787020
4.606289
5.182112
5.849189
7.373581
7.889573
5.074145
5.080436
5.992954
2.217525
3.309020
2.528733
4.050208
5.734870
4.227587
5.357568
8.622925
7.712895
8.654537
5.152900
2.434796
2.727937
2.972051
5.884692
6.027758
8.817032
8.491867
5.229732
8.290081
8.615121
8.871142
10.366404
8.334719
8.664602
8.396391
8.437991
8.362917
7.226878
8.306089
5.064330
3.156961
2.413111
2.260638
1.513548
1.500663
1.509663
1.600869
1.501893
1.509406
1.960322
1.501183
1.514268
1.500804
1.799058
2.038391
2.686204
2.452173
4.084111
2.956443
2.131686
2.807890
2.656945
1.721348
2.161739
2.440421
1.549594
1.538361
1.506957
1.506067
1.506820
1.507642
1.500049
1.849526
1.551015
1.510709
1.539955
1.500239
1.500668
1.501132
1.519285
1.506812
1.500782
1.547786
1.509748
1.506819
1.504492
1.558323
1.500518
1.502526
1.507844
1.507143
1.500934
1.500630
1.529614
1.506066
1.518392
1.554607
1.507175
1.511445
1.508038
1.504311
1.500621
1.500547
1.512596
1.514116
1.505205
1.558736
1.500552
1.506560
1.502208
1.553935
1.508395
1.559229
1.500933
8.139856
8.512469
8.406523
8.734700
8.538255
8.529651
10.173772
8.544282
8.410320
2.392635
1.657046
1.651020
1.501146
1.702865
1.523713
1.740482
1.563093
1.505451
1.662453
1.503152
1.719310
1.533873
1.537956
1.504349
1.510122
1.529087
1.506332
1.500446
1.500605
1.506690
1.510881
1.545787
1.518401
1.506231
1.505996
1.500700
1.509260
1.503519
2.337961
4.042493
6.810519
8.524152
8.067735
5.728402
3.700398
5.089818
8.176718
8.352056
3.770543
5.896903
8.448646
8.625417
8.600682
8.478767
8.927777
8.064592
8.420363
4.369098
7.986483
8.488616
8.599859
7.046656
8.487526
8.615265
8.073442
8.282132
8.573365
7.839262
8.629546
8.493925
7.678969
8.595964
8.686082
8.437615
7.387345
3.696084
3.449538
3.103000
4.575740
3.940796
2.398908
1.658380
1.502425
1.512096
2.357045
2.948680
3.703380
4.983133
5.114058
4.496458
5.802320
8.279420
9.551008
8.424653
6.261294
7.531736
6.865057
5.850751
2.864055
2.613483
2.896221
4.313404
5.606465
5.296076
6.633557
7.336351
6.257148
6.441067
7.655949
6.260346
8.400745
4.672218
5.585881
8.253832
6.993802
7.483954
6.458268
8.109082
8.387990
8.573934
8.482265
8.594748
8.558224
8.486733
7.762273
6.025597
2.849037
1.577856
2.181602
1.693006
1.473808
1.468015
1.517255
1.492463
1.750317
2.933295
3.044623
2.380155
2.208981
2.212415
3.749056
4.727254
7.801324
8.621981
8.815151
8.551446
8.640339
8.618685
8.682824
9.079352
8.063040
5.621417
7.861906
8.368552
8.740959
8.473314
8.760187
8.489348
8.612909
7.918825
8.499075
8.623619
7.250912
8.530969
8.663639
8.510352
6.587243
8.399159
8.587335
8.502674
8.722696
8.517647
7.771914
6.047274
3.483253
2.483885
2.652090
2.446332
2.013971
1.508871
1.502992
1.509375
1.560341
1.511562
1.500677
1.506994
1.500484
1.509860
1.546323
1.509233
8.708270
8.584220
8.329955
4.557762
1.722856
8.425951
8.743594
8.679353
7.711812
4.532578
1.660853
1.500644
1.480781
1.501079
1.926837
1.500663
1.471728
1.474094
1.505310
1.506383
1.500579
1.988402
3.288731
6.327404
8.419945
6.956199
3.581677
1.834066
2.439467
3.928596
3.089096
5.999244
8.392425
6.837619
4.446159
7.680622
8.579892
8.577079
8.393334
8.603403
8.595122
7.779222
8.534276
8.854773
9.381079
7.412730
8.960232
8.588010
8.321128
7.014617
5.394131
5.273000
5.873786
6.894273
7.786703
8.509833
4.951213
7.268494
8.641723
8.549279
8.584277
8.608377
5.307956
5.029011
6.349653
5.283385
6.455002
5.536936
6.314146
8.583820
8.898039
5.135377
4.681961
2.274014
2.081025
1.516499
2.282627
1.991247
1.525598
1.528043
1.552799
1.500695
1.500569
1.541048
2.419561
2.194170
3.949832
4.691701
3.769852
4.128757
6.200425
7.496755
8.739671
6.843552
5.793392
8.668434
8.505945
8.526646
8.366428
6.811334
8.476506
8.593399
7.923632
8.373900
8.202418
8.912965
5.174981
8.369349
7.750321
8.326827
8.582018
8.359196
8.686090
8.595925
8.586669
10.502784
7.869706
8.598434
8.644176
8.220631
9.333381
8.940679
3.861882
4.127460
5.361000
1.545954
1.534057
1.561539
1.500626
1.573072
1.491243
1.501301
1.500654
1.463113
1.477041
8.795937
4.918135
9.341103
8.715484
8.475504
8.297336
8.069981
5.674520
6.043583
6.006511
8.526852
8.589811
8.489278
8.618873
8.648261
7.878796
8.551610
8.472735
8.622775
8.443036
6.005726
2.944097
1.586353
3.237459
7.768829
6.972002
8.648658
3.173008
3.847238
2.706905
1.576392
1.968279
1.854662
1.587387
2.082095
1.518446
1.490609
2.011148
3.694408
2.715434
2.221668
2.640331
1.688695
1.508810
1.707517
1.500708
1.517503
1.583691
1.821979
1.879553
1.548505
1.776174
1.502449
1.527661
1.541579
1.500712
1.512396
1.500181
1.770607
2.207203
3.803519
3.047920
3.643093
1.702265
2.552918
2.412498
3.431936
4.911726
6.671670
5.085617
7.071935
7.869267
6.746273
8.543067
6.175144
5.729941
7.591783
5.129204
7.684487
8.817361
8.977590
7.807532
4.671008
5.801184
8.520743
8.596831
8.550980
8.919331
6.615289
8.644736
6.674046
5.777999
3.542814
2.848844
4.685410
5.227826
5.685187
5.507640
4.312128
1.762970
2.039899
3.532281
5.114971
6.255637
8.538087
8.644073
8.424995
7.070360
6.153037
8.596295
8.609544
8.928480
8.352923
8.433105
8.472048
8.624280
8.464683
5.848804
3.606975
6.358845
4.242254
4.635193
7.568089
5.911348
7.185133
2.159148
3.195504
3.106553
3.967682
5.451471
5.275310
7.497678
9.769020
7.446570
8.325888
5.037495
5.139359
2.323647
6.175004
8.112944
6.235223
4.196230
4.475818
3.677976
7.227233
5.648575
5.342552
5.372630
8.424213
7.314931
7.902060
9.238936
7.921466
8.482338
7.885757
7.190017
8.968673
7.294022
3.409866
1.680931
2.097130
1.864052
2.315739
1.500614
1.501273
1.500744
1.802922
1.511051
1.550758
1.507849
1.500498
1.467933
1.505421
1.499372
1.498234
1.509414
1.517614
1.706975
1.448077
1.469563
1.436644
1.500524
1.510318
1.501739
1.969760
2.377284
3.882700
5.371728
6.723476
6.502992
7.258988
6.560140
8.228416
8.476937
3.530895
3.801746
2.136127
3.938175
7.191265
2.176452
1.500644
1.493169
1.567241
1.483449
1.596626
1.509445
1.522068
1.553086
1.535037
1.532750
2.870880
1.861317
1.594225
1.501763
1.896370
1.509829
1.500777
1.632903
1.512295
1.515660
1.507021
1.517597
1.500519
1.508150
1.548013
1.507340
1.515554
1.636534
1.555741
1.542777
1.838872
1.769917
1.808446
1.530397
1.514007
1.502279
1.522268
1.817234
1.780355
1.509575
1.710008
1.543291
1.553601
1.552775
1.530391
1.602616
1.649865
1.598899
1.773773
1.521204
1.577734
1.503392
1.502729
1.550223
1.507399
1.549160
1.546184
1.508654
1.500454
1.521289
1.532968
1.671684
1.533940
1.663602
1.511214
1.642664
1.514990
1.676144
1.647662
1.873147
2.347386
2.620777
2.674177
1.831812
1.577279
1.507603
1.774771
1.570670
2.253733
1.539646
2.064226
1.972195
2.085878
1.674523
1.510842
1.775659
2.056866
1.696890
1.534512
1.740531
1.500910
1.510840
1.518233
1.500104
1.541397
1.505277
1.519936
1.562958
1.602332
1.500757
1.534430
1.547904
1.501243
1.861035
2.915651
2.756216
2.985994
5.162150
5.767619
4.730928
5.958933
5.328314
7.691210
4.703807
2.047577
1.501146
1.625603
1.507267
1.505074
1.503209
1.788366
1.534774
1.529549
1.553995
1.510619
1.609787
1.765986
1.794539
1.508953
1.860873
1.556789
1.850096
1.514742
1.513582
1.666842
1.971782
2.226683
2.046882
2.188162
3.253917
2.708475
3.026518
3.548284
5.061322
5.893191
4.095444
2.478951
2.015925
2.354191
3.991152
5.045436
5.774642
3.932728
5.367672
2.040721
1.488924
1.549784
1.786047
1.500193
1.510570
1.508082
1.503955
1.519589
1.516455
