34.010195
17.863664
16.180327
10.461072
11.280955
14.016910
10.974454
16.377694
10.941821
11.343851
12.420222
12.608897
17.770021
10.647473
11.419973
11.201577
10.981122
11.696743
13.218960
12.459753
15.652716
13.602430
10.608377
11.720822
18.699992
19.861929
13.123317
14.313700
11.946243
27.427436
17.867009
10.397126
19.372426
21.266070
24.958023
13.309495
13.033088
19.050254
10.856370
10.867353
12.029119
12.498745
16.558343
16.037029
13.191088
16.600218
11.474489
21.496479
12.743915
16.797829
10.750402
10.622538
11.355221
15.524979
24.882383
13.745557
12.739060
20.429046
22.353452
21.137277
11.563571
11.222381
11.921520
14.358434
11.169088
10.658738
16.944556
11.974175
12.115577
20.422346
15.740355
12.749935
13.682163
15.637382
11.375781
10.876241
14.090117
19.542330
10.798366
10.678811
13.101228
14.109764
10.556763
10.794383
15.327178
20.281593
24.001367
10.593236
11.768839
13.017635
11.645425
19.789004
15.250814
11.737892
15.103387
22.851472
13.200855
11.315022
12.353718
11.514333
12.629177
11.780478
16.091728
14.618174
15.336506
13.342394
13.115155
23.319882
12.043427
21.386576
23.642545
28.105703
16.833060
24.371768
29.026553
13.892483
22.850760
33.698490
31.101752
22.304798
33.963892
29.892355
12.103488
12.269345
12.179279
20.024792
11.455887
11.335064
10.480066
10.531334
10.609304
10.747010
10.523280
10.736811
10.488907
10.550778
15.698518
10.707493
11.844377
26.559959
10.588306
10.620007
10.705822
10.969832
14.260509
10.743730
11.282210
15.166588
24.457819
20.732300
10.531671
11.970674
14.300357
15.424885
13.195629
10.784391
10.690237
11.889257
13.620086
14.539506
14.343824
22.258451
11.166143
12.572410
14.014254
18.331015
10.809735
10.957810
20.395682
16.030751
11.074594
10.762240
16.293594
12.883348
19.162452
11.072946
11.165413
12.430238
13.816078
11.034661
10.756104
10.869986
16.849266
13.437097
11.630920
17.601871
17.778129
11.418269
10.815466
15.224271
10.928172
11.261837
10.935914
11.174649
12.385162
11.428678
11.976312
11.637725
10.755682
13.326817
15.049143
23.083471
13.989996
24.604249
22.609781
33.399205
14.419859
10.857405
10.873467
10.881029
10.667624
10.905395
10.868791
10.673182
10.574686
11.576968
10.980170
16.832276
16.536644
10.633943
10.966337
10.679919
11.986554
17.296630
14.819668
10.903132
14.529436
11.633733
10.718952
11.117175
24.356663
14.319149
12.685103
14.265695
19.362632
15.053636
10.715331
10.789642
10.714582
10.715684
10.796095
11.921581
16.775688
15.104127
19.768102
14.377039
10.636379
10.930406
15.784293
23.803114
12.316799
19.515032
16.708520
11.604107
10.694382
10.744414
10.876951
10.678349
10.664911
10.770045
12.033877
14.194726
15.041962
25.699281
13.386322
12.181760
12.254238
11.528975
12.503811
16.669220
17.406138
20.276029
15.329271
10.791462
10.808405
10.771159
10.735940
10.816652
16.966888
13.238647
10.681658
12.811720
15.478543
19.747085
15.398993
11.566420
12.507129
12.318119
20.260545
17.522941
11.173992
11.549123
14.236104
17.487117
14.120559
10.502703
11.965547
17.752610
11.193889
12.478395
27.626162
16.557057
14.001187
13.051498
15.397726
15.057378
14.669028
16.600879
12.609781
19.070494
22.582306
14.180984
11.215166
17.102961
10.558837
10.492758
10.755372
10.523471
17.122741
13.012888
18.773087
16.844713
14.300427
13.170701
14.207800
19.172279
17.217555
16.103781
16.404064
10.480348
10.587081
13.071469
11.764990
15.045595
16.803528
12.370566
12.803750
17.907495
11.235260
10.970023
19.581241
15.171770
14.075905
14.841502
11.172569
11.722387
15.461239
18.768620
10.860738
10.845174
14.033151
13.876546
11.644361
11.360919
12.756178
13.854173
14.536948
11.338872
19.540382
16.338311
10.867965
10.745540
16.236509
13.648947
12.216822
14.575333
13.135543
12.881954
10.675844
10.620591
12.516080
10.909687
12.151871
15.822402
11.814631
14.174388
12.738375
12.367426
13.268201
10.697781
10.927666
10.934010
10.651050
10.605027
11.316398
11.585920
13.762227
15.866126
12.419826
18.300496
10.682409
11.229075
11.901282
10.743600
10.867781
20.604713
13.010151
10.702666
10.689622
10.571564
11.552009
12.153968
12.869076
26.524403
10.769026
12.504588
22.907896
11.615713
12.989540
13.475592
14.051197
11.977568
19.233414
10.450764
10.663751
10.855812
12.496268
17.485968
11.698484
11.317775
14.712118
22.428782
10.587848
10.650570
13.201626
15.442488
11.214496
10.782658
13.831410
13.653156
10.628456
11.884251
26.682323
26.096814
26.627167
23.212827
23.394934
24.020957
19.273195
13.786592
21.837397
11.006352
10.968389
10.305436
11.000895
10.929237
11.570269
11.563535
11.189006
11.930484
10.726123
11.236639
15.330463
12.543412
10.992843
11.520224
15.700614
13.782274
15.676988
15.524102
10.904519
12.025756
21.003095
16.516143
15.369476
13.887953
13.177109
14.010040
16.814642
15.083637
10.672263
10.863649
16.465826
15.103632
10.699851
10.716110
10.958994
13.794837
13.140360
13.551856
12.692630
18.987518
11.489388
12.041451
12.612274
14.944339
14.009178
16.090711
15.034948
11.587257
13.525549
17.823826
13.640725
19.059846
23.532817
14.649829
17.831239
21.221603
11.201951
18.027549
15.212986
10.574936
10.700874
10.801748
17.511779
11.958836
12.181523
12.919679
11.169064
12.862286
17.063647
11.589246
12.729951
11.983697
12.307197
16.818559
16.917069
16.191627
15.860718
20.231246
18.268881
17.394796
12.349698
20.310277
17.378264
13.207247
15.013495
17.256004
12.130121
10.475437
20.345284
24.423517
24.508968
11.204511
15.578974
14.038340
12.741647
12.558781
11.705426
11.367532
13.900188
16.542141
10.732675
12.970823
15.686155
10.761445
11.269214
14.784094
13.018986
20.953346
22.372224
21.082311
11.003780
17.586449
12.689671
11.074694
13.857155
10.658481
10.546412
16.655138
10.698232
11.255710
13.666525
11.468578
10.890776
11.165869
12.853227
10.820470
10.620318
11.162647
15.359644
17.220961
13.311499
12.116893
12.661741
12.356716
25.192559
16.787241
13.888612
24.229514
11.146145
33.899703
17.639130
15.874002
19.542864
24.190568
18.120626
19.237120
10.503536
12.350423
12.753417
13.285318
21.481835
11.236339
11.602706
11.546481
10.722294
10.919516
10.675455
11.476895
14.286952
12.544334
11.080406
12.103840
15.083119
16.365672
10.757529
11.383719
13.423579
11.333512
10.682791
13.534476
19.034677
12.728574
17.480056
20.040991
10.756495
14.658210
14.053220
15.344568
14.632290
16.194223
10.758243
10.746315
10.837842
12.185135
12.447996
14.079730
16.011075
15.168626
15.140453
13.742801
13.226038
18.415062
12.900205
10.689377
10.562311
11.731110
11.125203
38.726255
11.010632
10.723322
10.946269
10.714977
10.709046
21.156426
10.850399
10.863207
20.578161
19.265135
10.688019
27.458812
15.317394
10.784458
10.734804
10.968661
11.621625
11.056277
10.906393
10.600016
10.874634
10.864402
11.867971
10.732683
10.718078
13.507775
10.880689
10.715832
10.893972
10.967745
11.705149
10.762425
13.247157
10.801312
10.743262
10.942136
10.184128
10.893285
11.008713
11.049506
11.084622
10.861652
10.539124
10.742798
10.746800
10.711072
10.707822
10.902587
10.915511
11.051336
13.509331
19.348180
10.833710
11.683728
18.663063
15.146643
13.161533
13.223910
19.410131
15.575739
16.407946
22.569156
11.434189
11.851342
20.618671
14.090257
10.791172
10.709590
12.703051
15.621120
11.046051
11.365904
11.983111
13.105904
15.370250
12.258438
26.836189
14.105508
14.428838
13.874180
31.098889
32.038404
14.912099
12.547042
10.690871
10.722024
16.202615
11.730425
12.268703
13.826459
16.838268
21.389077
33.920204
23.970234
11.215492
10.864337
10.763733
12.778553
11.068339
16.590822
12.790410
10.465246
10.863050
10.901803
11.152673
10.773352
11.058152
14.274999
13.703890
16.705058
13.164999
12.389599
11.732928
13.195278
15.359074
11.032887
10.709650
10.755261
10.718537
10.737401
10.790738
10.722275
10.696086
10.737383
10.780958
10.894047
11.904177
12.904568
11.445729
13.625147
20.968357
26.496124
14.178554
10.765828
11.075363
10.692059
10.690544
10.186213
10.867631
10.540861
10.764904
11.709555
14.861382
22.833203
16.127099
12.032840
18.848805
13.330827
12.646747
18.318596
11.882078
12.184625
11.828798
10.649703
10.764856
12.582539
13.425010
14.513049
10.745000
10.837325
11.136268
15.838831
17.108223
21.392028
11.109042
20.851490
15.033227
13.512984
10.649574
12.915225
14.795858
12.212333
15.286371
16.415623
18.763055
14.313152
14.375433
13.571463
11.787035
18.163346
11.306802
10.719518
11.231241
13.786832
21.321975
10.588923
10.540745
10.709084
15.862053
13.043378
14.809097
14.261537
25.543779
21.953779
10.684595
10.613647
10.783099
13.366528
12.289910
12.548733
11.583150
10.636980
12.840304
10.757208
10.709800
10.663045
11.846165
14.777289
10.862922
15.638341
14.793239
11.160997
10.845628
10.824697
11.307908
10.816597
10.530985
12.749036
13.615110
11.448300
10.523356
12.078810
11.075834
10.875091
10.396984
12.965057
17.801335
12.307335
11.882695
13.114245
16.525099
13.974169
11.752947
11.354195
23.285648
18.504278
23.911628
25.318864
10.493045
11.053526
11.417841
10.636945
10.710060
14.538004
11.081443
12.322201
18.407369
12.517983
12.225211
12.803013
10.939743
12.673803
10.720913
10.747028
10.781152
10.879085
10.965563
12.572302
23.888030
14.300916
20.488985
15.630499
15.534951
23.678550
10.775559
10.916764
11.054347
18.573280
15.392865
14.908531
13.726469
10.669556
10.713373
10.724135
10.764916
11.843123
11.032989
10.718858
10.638172
10.738472
10.697322
10.832268
10.767125
10.953148
11.212003
13.021510
18.992144
16.155702
14.224576
10.548321
10.607670
10.664236
10.731670
11.358516
10.879161
11.030643
11.742453
19.648804
18.565538
27.159540
32.692490
rse = 0.999618
iterations : 936
