21.136401
9.653322
9.271750
9.244364
9.764229
9.497815
9.510663
9.540837
9.281292
9.498912
9.470416
9.413293
9.532946
9.729025
9.829779
9.205540
9.513487
14.124121
11.978611
9.874196
9.585512
9.963991
9.660444
10.510882
10.662066
10.791550
12.291472
10.274206
9.798311
9.567168
9.402082
9.583522
9.371098
9.625166
9.351598
9.382307
9.804797
14.579526
13.592225
9.973795
12.418765
24.685594
11.236699
9.475664
9.581764
9.215407
9.911197
9.543674
9.529692
9.701615
9.469697
9.329310
9.670560
9.315185
9.706949
9.471815
9.536050
9.461578
9.806379
9.351455
9.258839
9.663201
11.482969
15.415582
10.177770
14.554851
10.195921
9.243198
9.243632
9.272965
9.193575
9.220328
9.304730
9.400375
8.956044
12.287583
9.604587
10.171419
13.089102
15.557513
10.678277
16.650541
13.362663
9.363825
9.151520
9.470023
10.707411
9.016924
9.975687
11.555436
10.356352
16.591066
11.645037
17.107098
14.338468
14.121799
10.442356
9.462685
9.446853
9.374808
9.648727
9.468479
9.395825
9.367943
9.848674
9.782931
9.783375
9.539883
9.394541
9.407532
11.022693
10.177523
9.941932
9.284482
9.382524
9.753249
9.216138
9.704140
9.621179
9.321528
14.474363
9.290174
9.774494
18.017760
10.843384
9.590460
16.316357
9.771054
9.638445
9.282610
9.281149
9.896425
9.505323
9.164087
9.203771
9.181177
9.507171
9.194414
9.490132
9.532633
9.319759
9.476979
9.471999
13.252308
10.636027
10.235953
9.867431
11.418337
15.007967
12.657544
13.870944
21.779567
22.847255
24.458824
10.398920
10.793910
24.628515
19.687774
12.898761
10.117651
9.535170
12.079160
11.513879
9.678445
9.303541
9.962322
15.946914
15.278665
13.628178
9.692706
20.999556
9.472605
9.399345
12.477523
13.274012
14.152755
10.089571
10.541191
16.648948
10.193429
9.270229
9.069597
19.257138
21.571833
22.135553
17.894660
15.335821
10.739242
12.109228
15.846772
11.406853
16.501524
16.909520
12.628287
19.398744
13.207955
14.027687
10.835540
9.400621
10.114999
9.492243
9.457713
9.084949
9.525077
9.822049
10.849113
16.163754
11.170535
10.297834
10.612651
9.498779
9.468836
8.951236
10.426860
11.776791
14.076269
15.356862
13.954050
11.954529
9.640995
9.555510
10.996888
23.053245
21.243972
21.056364
20.481013
24.488108
11.771360
13.000019
23.854957
10.252089
15.690707
19.454894
15.428696
12.092924
9.982491
13.762195
17.056378
15.141077
12.379414
12.501477
12.033170
10.166765
15.762129
15.006863
9.799118
10.381551
20.067588
16.718648
28.126652
13.768250
10.991003
9.716549
20.553355
20.168584
10.003387
24.974595
16.390962
9.738447
17.107379
21.093418
9.492070
9.302917
16.490272
15.460302
10.224629
22.606653
14.852595
13.461143
9.147067
9.507863
15.696375
13.282311
9.384630
9.973823
11.658196
15.052287
12.760634
11.354306
14.942336
11.150986
9.459227
11.690468
11.877749
10.726090
13.021015
9.747190
9.700915
9.580306
12.747221
16.446634
16.228165
21.625778
9.548170
10.268553
15.599799
18.589181
13.697052
10.552429
15.678175
9.638752
9.203380
13.497906
14.774252
10.384268
9.574679
14.403006
20.406883
28.306823
33.114492
32.647355
21.512922
14.857825
9.962967
9.417921
9.464523
11.330912
12.120099
14.013515
9.633005
9.290392
9.678096
9.805448
9.576141
9.418184
9.323727
9.322019
9.286910
11.072434
9.980371
9.738645
12.817762
12.511616
12.679603
11.659309
9.340040
9.201375
9.626812
9.660471
9.183048
9.080209
8.977412
9.350988
13.555699
10.937475
10.704855
10.176627
10.343671
18.875579
14.553705
10.748648
14.877765
9.432119
9.434765
11.598290
9.215511
17.065636
10.711625
10.329530
9.149033
9.561012
17.210515
10.411964
8.930716
9.484993
10.911080
10.418797
11.053439
9.943902
10.911540
11.121883
20.036171
10.665929
10.842706
9.740821
9.821595
9.371864
9.308238
9.070274
9.262340
12.639949
21.748942
9.348267
9.249735
9.538986
9.750278
9.397319
10.063235
11.743384
9.266602
9.087414
9.061545
11.081338
14.771944
11.613575
9.627242
9.600504
15.120363
14.562369
14.872674
23.920006
19.646291
17.589187
24.552944
26.028941
16.793598
15.056704
20.853992
16.274654
13.635057
10.828339
11.927782
12.406476
10.401783
9.980376
9.921922
9.295326
9.616687
9.411605
13.877040
15.482864
10.206302
11.564264
9.475123
9.833038
9.135995
9.390181
9.505205
15.586688
15.489900
20.661489
10.078767
11.470847
12.782387
9.411868
21.397640
16.324310
9.045807
10.108907
12.545198
13.827732
16.880887
14.340550
9.590709
10.574977
11.946059
10.240428
9.537686
8.894943
9.723873
9.575171
9.126890
10.487047
11.749719
12.467332
26.496207
12.292942
10.104111
24.172093
18.822841
28.796933
23.254806
16.889451
13.284094
18.550387
12.451047
23.809548
11.349239
12.876973
15.856878
18.197239
11.851739
9.526979
11.690918
12.890336
9.807129
10.872327
15.822073
10.877986
20.858829
11.063880
9.321161
9.048711
9.025022
16.923385
11.532073
18.617859
16.575435
14.921646
18.124694
9.765786
10.873394
13.115718
9.870512
9.904532
9.126676
8.916683
22.083886
31.396347
18.580407
16.134227
17.039779
12.017368
13.395411
12.728848
20.482875
15.233598
20.564078
22.504377
13.240298
9.524357
9.450684
9.384640
9.838935
9.046299
11.697862
19.957925
9.143309
9.104371
13.393823
14.442514
15.614037
13.816072
9.400378
9.279138
12.805219
10.175543
9.270780
19.322005
9.403230
20.947770
10.264238
12.373094
11.564803
17.273738
10.967481
15.759983
16.247161
16.148659
16.697013
13.099127
14.345455
15.413827
9.542165
10.313502
11.753852
10.395435
10.774876
26.145071
19.992704
16.714362
24.898968
9.058538
26.851127
29.705253
9.436421
10.916163
13.386194
9.278654
10.912135
19.231721
17.771413
14.100987
12.903024
10.219775
8.950526
11.498725
10.102357
11.067049
23.311791
18.395468
13.489634
19.805990
12.085246
11.031058
14.018026
12.705454
16.806484
13.220891
11.790201
23.540649
16.598803
12.537049
12.140265
10.955212
9.308807
13.365196
19.699529
12.527803
13.104789
13.910935
18.333132
12.408997
9.349286
9.274015
13.033542
18.876351
14.068908
23.448959
11.142562
12.040672
26.807294
10.621980
11.152709
11.913693
12.234892
16.593869
10.440239
9.271819
21.293962
25.664481
24.796350
13.275648
15.265899
13.895888
11.606566
9.894470
12.954650
33.100438
15.789721
17.501766
10.905189
9.669700
10.977818
15.924258
10.118879
8.955574
9.302207
14.179001
11.920463
16.979455
39.972243
12.125236
9.989803
9.379806
10.658247
14.987835
19.672634
9.259041
10.422257
17.741909
22.767885
13.011104
10.303407
16.385449
9.435855
9.926164
9.451942
9.381574
12.635827
10.969340
11.481194
10.499247
10.298408
13.288286
13.090259
16.093384
21.724381
17.106614
12.281037
21.915916
24.272325
14.554413
9.171453
10.306279
11.457996
12.379685
16.017722
10.739110
13.618529
14.299347
18.596307
16.593733
12.801622
14.795945
14.947931
9.727249
9.638238
9.427332
9.585702
9.260376
9.505372
12.870087
17.869209
9.848730
17.909198
9.936944
11.050898
10.265928
8.963663
10.455418
15.479191
9.783293
9.574179
13.048673
18.950069
11.076988
9.751409
18.714155
10.766409
9.852287
12.150175
14.512209
14.625263
15.627587
11.399825
10.793416
14.771313
22.502157
10.921131
16.940363
12.938751
11.602649
15.519687
9.303385
9.094708
17.149439
19.239431
9.426960
10.455111
14.426372
16.514818
10.714317
9.307886
10.143021
13.166910
10.909510
21.621437
29.831290
16.350068
13.220144
18.273766
27.533672
14.720309
9.291511
9.269265
9.567381
9.685083
8.996897
9.000522
9.783396
9.964994
12.779385
12.491067
17.233682
9.493474
10.468579
19.580813
24.624061
16.906861
9.189778
9.502192
9.235815
9.610421
10.524890
10.756494
10.788157
11.470679
9.633176
9.380221
10.683563
11.199605
12.069881
16.477859
9.718328
9.403969
9.712623
10.187461
9.222783
11.794546
14.515584
17.183571
13.687156
12.185105
11.332447
17.533789
9.504721
9.410076
9.505525
9.389572
9.164688
9.818549
18.477984
13.412914
12.410915
18.516459
14.572921
11.876928
14.113726
17.077908
10.326068
9.511488
12.515649
16.127911
14.069952
19.901284
15.739287
10.274675
11.727388
11.355830
13.735914
12.091796
11.821609
10.924907
9.391950
9.422317
9.985046
9.487117
9.164807
9.493342
14.107970
13.767167
21.351004
9.778164
9.205740
11.419990
11.015839
10.198979
9.317597
11.505746
17.041986
20.888153
15.926992
9.225654
10.968310
13.170353
9.794732
17.213920
10.157041
11.707823
16.303417
18.802375
13.893938
10.858975
12.765697
11.449076
13.119162
16.623763
9.801972
11.087280
10.534771
9.665834
9.838781
12.530285
15.235891
9.412769
9.809541
14.975066
14.631322
12.150286
17.077682
11.560960
9.781526
9.752192
25.084075
29.259117
22.079514
21.775410
16.095008
10.823230
11.636527
18.810120
9.890912
9.457663
10.054499
10.898730
10.838313
13.887009
9.800216
9.354421
9.474544
9.932570
13.166705
12.849945
19.024231
9.518863
8.972166
9.517498
10.705919
10.843565
22.046224
20.276379
10.108620
12.008158
13.385931
19.094186
11.281891
9.672228
9.256625
11.020406
12.216674
9.224678
10.185527
10.710935
9.218274
8.803121
11.128713
18.491136
12.320078
24.509076
19.378986
22.655870
23.376641
13.324610
9.856885
10.664012
11.003878
10.974169
23.225982
13.074302
10.340171
13.478580
16.900787
29.668732
20.737881
11.822091
11.262727
25.029995
12.495465
14.957811
9.486700
9.406888
8.991054
12.233123
18.879999
17.615308
13.306943
16.036348
12.377185
11.802293
11.950387
12.371724
16.496261
13.378626
9.270250
9.134395
14.234318
10.629388
9.587923
11.966788
14.946728
10.969188
10.193396
11.888052
16.390743
11.444519
11.368758
11.397814
11.664490
13.230553
19.723286
33.558098
23.155676
9.526570
9.125587
12.108911
14.953274
9.299373
9.473618
9.049375
10.752210
10.812075
12.675922
24.197160
15.965340
11.499359
9.100447
9.699544
11.946019
16.726073
9.544908
10.452886
11.803004
15.066298
15.079233
12.377151
12.148627
17.709924
13.863921
10.658217
16.942480
18.186230
10.420358
9.316131
10.471138
19.559132
20.216514
15.061482
15.188696
13.875812
18.969139
20.645176
10.570742
9.898037
9.326371
16.024222
14.679724
12.302551
13.443722
18.507384
10.744512
rse = 1.099137
iterations : 1000