0.366408
0.318828
0.336374
0.308205
0.307918
0.309583
0.309442
0.341737
0.305178
0.349369
0.380293
0.461689
0.426330
0.372088
0.440684
0.454759
0.561666
0.398765
0.369575
0.565227
0.416749
0.423445
0.501926
0.391940
0.395095
0.494126
0.462669
0.444652
0.466414
0.366751
0.427984
0.450176
0.610034
0.624985
0.578764
0.726184
0.733033
0.824089
1.029157
0.814587
0.994685
1.056530
0.913581
0.739208
0.644979
0.472370
0.536259
0.831178
1.297451
1.307742
1.565748
1.406530
1.683140
0.794219
0.666498
1.132021
1.158560
1.264535
1.013501
0.801950
1.022531
1.163454
1.492284
2.038354
1.751836
1.752536
1.622041
1.917282
1.542349
1.793155
1.744625
1.772935
1.642982
1.751941
1.728574
1.804040
1.770904
1.742247
1.782993
1.767248
1.775674
1.732172
1.609644
1.985924
1.768288
1.818121
1.784543
1.784867
1.739382
1.636252
1.556200
1.813803
1.741254
1.741544
1.467872
1.208234
0.818245
0.375613
0.341269
0.382871
0.351932
0.343952
0.320887
0.419600
0.384295
0.359457
0.333378
0.368252
0.430829
0.556965
0.614193
0.731852
0.738550
0.806007
0.852174
1.103102
1.018598
1.026807
1.752006
1.739193
1.600827
1.870191
1.731543
1.611444
1.536683
1.830104
1.920400
1.775187
1.804862
1.839057
1.736041
1.554175
1.961068
1.550165
1.960878
1.736191
1.716730
1.765326
1.542264
1.767608
1.855845
1.412357
1.867542
1.733797
1.625218
1.735789
1.756977
1.751089
1.541057
1.753370
1.535571
1.773112
1.773659
0.362810
0.354472
0.324336
0.313605
0.309052
0.309352
0.307545
0.321885
0.300918
0.324253
0.310532
0.323604
0.303622
0.304129
0.308558
0.327995
0.338924
0.338365
0.395075
0.473316
0.457685
0.401212
0.451890
0.450708
0.368478
0.393899
0.449319
0.524484
0.593919
0.559272
0.581698
0.639830
0.548542
0.451579
0.504071
0.456014
0.429981
0.558511
0.511302
0.563971
0.699777
0.694950
0.609128
0.453734
0.318219
0.322156
0.308238
0.356780
0.308178
0.388445
0.454090
0.406879
0.618406
0.486448
0.471116
0.544123
0.625413
0.715538
0.688988
0.760736
0.938263
0.883382
0.628609
0.605110
0.860905
0.672549
0.445822
0.351470
0.416836
0.485977
0.393258
0.397115
0.489628
0.380187
0.477805
0.557395
0.612750
0.659238
0.504861
0.538846
0.576353
0.737642
0.558201
0.612738
0.604490
0.543480
0.684195
0.569728
0.762952
0.518437
0.628837
0.573829
0.710347
0.956551
0.996508
1.381196
1.570150
1.507355
0.886203
1.110196
1.542639
1.737096
1.785292
1.763871
1.733713
1.722356
1.761805
1.654998
1.831749
1.539102
0.707498
0.974778
1.199133
1.144438
1.745119
1.218684
1.360853
1.474845
1.350274
1.005458
0.515185
0.543500
0.678333
0.458487
0.490836
0.509306
0.445389
0.332378
0.328665
0.308024
0.312348
0.313268
0.378882
0.509447
0.560125
0.908491
0.701557
1.071376
1.936446
1.622114
1.760817
1.743378
1.792474
1.743146
1.834883
1.822054
1.949332
1.857979
1.991138
1.764922
1.546522
1.751510
1.544795
1.715762
1.781590
1.877787
1.603796
0.674766
0.382584
0.308125
0.326231
0.385207
0.535810
0.602764
0.674531
0.789625
0.918532
0.914148
1.110847
1.074740
1.597063
1.545528
1.733679
1.764335
1.590740
1.845391
1.729531
1.727550
1.716038
1.536452
1.843337
1.851075
1.814358
1.774059
1.777644
1.581210
1.829155
1.740653
1.738229
1.748557
1.756737
1.856246
1.768322
1.764103
1.761698
1.797962
1.747274
1.729474
1.738850
1.734567
1.756146
1.857749
1.871899
1.884019
1.764492
1.577029
1.759494
1.527615
1.768032
1.569216
1.758672
0.940778
1.073837
0.941283
1.400521
1.806263
1.493504
1.316108
0.656481
0.484950
0.361948
0.388466
0.437808
0.540142
0.598313
0.397733
0.306704
0.314722
0.320055
0.408191
0.471068
0.376442
0.350252
0.651713
0.665846
0.875626
1.061436
1.118969
1.047965
1.084082
0.971098
0.678210
0.552247
0.484097
0.400871
0.307402
0.314910
0.308043
0.307488
0.312034
0.328518
0.314375
0.332883
0.306774
0.308849
0.307043
0.309833
0.307217
0.311465
0.330029
0.308273
0.309755
0.311278
0.307529
0.307721
0.311527
0.315309
0.312481
0.305125
0.343645
0.390921
0.426971
0.526363
0.708980
0.681934
0.756934
0.887846
1.061943
1.168831
1.422177
1.632362
1.753660
1.748690
1.568290
1.432268
1.465973
1.769098
1.896636
1.791728
1.721567
1.743872
1.736610
1.527344
1.774367
1.556706
1.727188
1.744349
1.828341
1.768364
1.935692
1.875599
1.690990
0.769101
0.686655
1.018873
0.413005
0.452956
0.631106
0.621307
0.780473
1.183918
1.238838
1.347774
1.452781
1.205853
0.595290
0.776885
0.586655
0.854067
0.692984
0.967407
0.891988
0.751679
0.604002
0.377346
0.317502
0.338931
0.318593
0.307652
0.367242
0.308239
0.308746
0.307534
0.340243
0.340546
0.392066
0.405720
0.456845
0.487397
0.358002
0.401889
0.397873
0.372356
0.344559
0.420582
0.515642
0.494342
0.787562
0.418850
0.307764
0.550080
0.711808
0.821456
1.059612
1.166001
2.123480
0.936626
0.956453
0.926500
1.286794
1.338348
1.857822
1.296320
0.515500
0.609110
0.871726
1.426604
1.234539
1.999645
1.481742
0.925929
0.664980
0.669987
0.636208
0.666532
0.546803
0.392665
0.404135
0.314455
0.305700
0.383436
0.338899
0.308752
0.329138
0.373143
0.406455
0.514345
0.544583
0.474672
0.545164
0.714768
0.824393
1.065645
1.183703
1.205123
1.203258
1.216274
1.184265
1.085832
1.182569
1.140518
0.955726
1.172340
0.802483
0.805753
0.750974
0.676639
1.001765
0.861848
0.750111
1.010385
0.842557
0.992104
1.060465
0.854948
1.201124
1.237443
1.402078
1.957563
1.737822
1.221085
1.564786
0.900641
0.706337
0.986086
1.124598
0.852334
0.512608
0.445138
0.397336
0.520277
0.504105
0.517189
0.576303
0.507720
0.646834
0.430999
0.311902
0.315188
0.338036
0.395253
0.305483
0.323190
0.390942
0.378786
0.308143
0.387494
0.449271
0.516198
0.501198
0.699619
0.557495
0.704225
0.579263
0.782706
0.592334
0.648136
0.418851
0.312356
0.322506
0.413592
0.402040
0.348016
0.448504
0.519025
0.461123
0.584412
0.393028
0.408437
0.540713
0.550690
0.409606
0.310614
0.309042
0.309147
0.304855
0.317778
0.314179
0.308513
0.308190
0.340559
0.427704
0.483239
0.650382
1.058108
0.798108
0.495802
0.346683
0.317805
0.308734
0.342430
0.311384
0.310444
0.306710
0.309972
0.310131
0.307989
0.307355
0.307374
0.326843
0.308461
0.317512
0.311209
0.307983
0.308372
0.344516
0.307944
0.319523
0.400894
0.305657
0.310464
0.321973
0.309311
0.301584
0.310992
0.310595
0.308113
0.310623
0.351461
0.315553
0.307817
0.326570
0.338811
0.384216
0.373876
0.346118
0.403772
0.464359
0.606656
0.570381
0.587934
0.632545
0.798282
0.743429
0.738192
0.708223
0.720020
0.762751
0.878636
0.902819
1.022885
1.176686
0.992980
1.074158
1.269520
0.685407
0.410173
0.311902
0.302417
0.307821
0.337771
0.428779
0.647322
0.851641
1.077158
1.543548
1.272830
0.813988
1.597382
0.830335
1.933242
1.587006
0.306963
0.347256
0.321992
0.315405
0.309767
0.305803
0.311366
0.384084
0.484356
0.531137
1.701432
1.533118
2.159722
1.567279
1.648238
1.909214
1.762394
1.542302
1.849056
1.619428
1.553203
1.736754
1.806269
1.850555
1.113242
0.685425
0.550938
0.576554
0.714069
0.651302
0.763397
0.827739
1.267526
1.935260
1.753036
1.756254
1.661449
1.979739
1.785456
1.824108
1.778048
1.683202
1.739071
1.740928
1.799577
1.785159
1.884597
1.758450
1.850968
1.575796
1.733581
1.745054
1.761615
1.746941
1.828541
1.780184
1.792856
1.717174
1.735706
1.796880
1.727112
1.733402
1.874317
1.350828
0.536659
0.346736
0.325370
0.311333
0.306717
0.308036
0.317132
0.313984
0.312902
0.308082
0.305794
0.307982
0.753501
0.463131
0.569448
0.460025
0.323434
0.307149
0.316921
0.311606
0.309424
0.307884
0.320705
0.324184
0.306809
0.307282
0.307691
0.382028
0.317796
0.342387
0.325933
0.448921
0.306678
0.310973
0.430156
0.335132
0.307937
0.306113
0.305143
0.317702
0.308910
0.307316
0.308489
0.331240
0.306496
0.310450
0.316118
0.305461
0.308363
0.308685
0.314764
0.310062
0.315689
0.306588
0.307166
0.305397
0.314766
0.305235
0.308618
0.309287
0.343673
0.356511
0.308465
0.349659
0.439426
0.375834
0.333444
0.369923
0.383524
0.418554
0.404534
0.467487
0.387272
0.356243
0.308234
0.305489
0.377358
0.332825
0.313809
0.336844
0.341734
0.307668
0.310912
0.312490
0.314898
0.306757
0.308922
0.314553
0.314995
0.305788
0.331499
0.306927
0.310530
0.322255
0.310255
0.315545
0.315533
0.307051
0.308697
0.308423
0.307350
0.335882
0.385799
0.399599
0.333773
0.388205
0.428877
0.409453
0.373367
0.419159
0.508119
0.496956
0.469785
0.536766
0.367948
0.380374
0.449405
0.394438
0.375564
0.399571
0.481933
0.521025
0.568592
0.496929
0.530787
0.551579
0.557307
0.576934
0.706946
0.692669
0.864205
0.681544
0.445937
0.524564
0.432307
0.413892
0.480415
0.549722
0.740955
0.690512
0.643983
0.587039
0.486143
0.477749
0.554748
0.432398
0.384237
0.405555
0.307083
0.307997
0.430938
0.357034
0.374649
0.312338
0.350237
0.313545
0.308370
0.308229
0.315171
0.309598
0.311404
0.310808
0.324730
0.308037
0.310073
0.332020
0.331956
0.380186
0.516407
0.394381
0.380711
0.526488
0.362116
0.343293
0.440470
0.533161
0.488172
0.667008
0.666547
0.628967
0.659437
0.503770
0.460001
0.345669
0.310065
0.318942
0.308185
0.310341
0.392649
0.308791
0.313495
0.336564
0.310516
0.306127
0.326469
0.312484
0.306687
0.312922
0.304702
0.308771
0.305911
0.309579
0.305829
0.313177
0.334973
0.362546
0.396415
0.474454
0.527258
0.555862
0.436154
0.368729
0.526000
0.349000
0.355058
0.463785
0.398664
0.315200
0.308685
0.328700
0.335801
0.325344
rse = 2.195530
iterations : 1000