0.995819
1.261312
0.997299
1.061746
1.114987
1.085553
1.421090
1.090011
1.003275
1.098839
1.262261
1.783483
1.851291
1.468883
5.252426
1.354328
2.763474
5.500531
2.030089
1.840785
4.584644
3.342041
5.486311
4.478467
1.925318
1.008511
0.986759
1.013881
1.345259
1.793274
1.681414
1.197579
1.322363
0.971368
0.965257
1.084904
0.959720
0.963811
1.003795
1.008486
0.973715
1.032692
1.184593
1.359666
1.308671
1.213519
1.075226
1.285310
1.628170
1.479847
1.291361
1.032202
1.016564
0.982574
1.006627
1.321547
1.601941
1.713748
1.301188
1.181149
1.438799
1.271211
1.693889
1.916530
1.557409
1.048973
1.293773
1.280801
1.029863
0.971493
1.276632
1.095423
1.033921
1.240080
1.033509
0.965144
0.968913
1.210522
1.439509
1.797873
2.079067
1.342157
0.952256
0.985232
0.955796
0.961275
1.063344
1.272108
1.519830
1.981859
2.150367
1.918061
1.862150
1.674499
1.314529
1.790239
1.663396
2.036683
1.774520
2.150120
1.869508
1.988616
2.329452
2.583246
2.139100
2.072033
2.503799
2.823838
2.700907
3.300426
2.285385
2.266745
3.249459
2.502204
3.280846
3.773873
5.383141
5.146957
5.411954
5.605228
4.585980
4.055502
6.595497
4.853219
5.556008
5.232443
5.504687
5.462943
4.624897
3.464920
3.945917
4.717634
4.859444
4.983779
5.444412
5.033222
5.512044
5.466739
5.464573
4.842902
5.400164
5.363368
5.129328
5.298587
3.738803
1.527587
1.845073
2.474610
4.465926
5.179285
3.417805
2.034236
3.933204
5.020509
5.116734
5.185409
6.449265
5.581344
6.996189
4.118538
5.553572
5.360133
5.636810
5.125769
4.851485
5.670894
5.110296
4.351495
5.403166
4.182019
6.845277
5.426636
5.493972
4.868465
5.465587
5.629728
5.643212
5.452105
5.284826
5.343048
4.998574
4.282764
4.554854
5.317935
4.899788
5.528212
4.401892
4.651353
3.367045
4.401748
4.140144
5.102174
4.856978
4.939054
3.649206
4.031851
2.940628
1.462296
1.980630
3.408220
4.817268
5.472579
5.582408
4.845104
5.280202
4.736216
5.058945
4.820765
4.879306
7.488423
5.481377
5.494921
4.711218
5.194616
5.599792
4.786653
5.591595
3.227057
1.769685
3.781518
4.620432
4.820667
4.993218
6.270837
5.447746
4.282492
2.723147
2.958423
4.183678
4.891295
4.937992
4.833598
5.261493
5.333031
5.185059
4.903425
4.840703
4.845218
5.650461
4.286004
1.544529
0.960204
0.969169
1.385514
2.495798
3.906413
4.690728
5.375877
5.143567
3.888706
4.775138
5.653594
5.415269
5.255838
4.954401
4.935764
5.011168
5.478126
4.907944
5.485479
5.106533
5.120256
4.817136
4.558584
4.535044
5.388658
4.933447
5.709491
4.858639
5.598977
4.961352
5.413073
4.900906
5.425171
4.802728
5.477461
5.241317
5.554564
4.991982
5.388995
5.066086
5.552411
4.313119
5.566533
5.698197
5.166840
4.769653
4.614175
5.412394
4.947377
5.476549
5.420705
5.177482
4.943472
5.438367
5.438973
5.382469
5.301004
4.876680
5.468736
5.456481
5.269336
5.462395
5.438251
4.991539
5.096345
5.569632
4.892548
4.914473
2.617981
1.161295
0.950687
0.944059
0.942686
0.971774
0.959126
0.961615
0.958886
0.984289
0.966351
1.040372
1.059220
1.039135
1.026435
1.234588
1.251237
1.612808
2.419061
3.036024
3.216812
2.755344
3.096056
4.384858
4.692446
5.383525
4.150149
2.394844
2.686244
1.366791
1.156833
2.102731
2.142585
2.302660
2.308785
2.848381
2.518483
2.638963
3.074513
2.343929
1.979958
2.012701
2.236926
1.812785
1.584650
2.656883
3.133262
2.808355
2.080830
2.196637
2.406719
2.174568
2.438162
2.779084
2.120981
1.624411
1.895713
2.463861
2.175446
1.837703
2.091793
2.354837
1.980450
2.441222
2.392865
3.102245
4.567040
4.077272
3.875077
4.465663
2.374597
1.804473
2.459500
3.040136
3.380421
4.125104
3.752205
4.907820
4.685583
4.782240
5.337062
5.546060
4.066427
2.683136
3.600295
4.436565
3.859773
1.549953
1.077513
1.604090
2.650123
2.626883
2.544284
1.577541
1.892436
2.995580
2.099986
1.896842
2.326858
3.407925
2.595794
2.746778
3.842846
3.691832
4.208680
3.766411
3.979526
4.889557
4.125757
5.536889
3.934164
1.389281
1.158312
1.138336
0.960391
1.337660
1.812387
1.609978
1.384519
0.974744
1.058133
1.039035
0.960699
0.966980
0.965729
0.958354
1.086035
1.028644
2.444962
0.966214
2.390101
1.317882
0.967378
0.961800
0.968707
0.986264
1.015893
1.128724
1.005405
0.961139
0.970539
0.946065
0.988378
0.955127
0.966138
0.973931
0.981167
0.989320
0.966079
1.036330
0.965261
0.973520
1.085354
1.173903
1.293450
1.565901
1.423828
2.134236
1.984434
1.836468
2.092168
2.514043
2.979579
1.585657
0.985067
0.938273
1.113833
1.230400
1.956284
2.512399
3.172738
4.757614
4.550907
5.356880
4.943211
4.362061
3.622065
3.169089
2.869089
2.464983
3.080585
4.126910
3.879278
2.554760
3.125311
3.153375
2.347509
1.365129
1.127795
0.973680
0.978008
1.571300
1.694082
1.656892
1.389907
1.206687
1.072412
0.964780
1.001711
1.457501
1.107486
0.951703
0.957701
0.954119
0.992528
0.972156
0.997043
1.004907
1.103928
1.016748
1.183551
1.394235
1.527492
1.300739
1.577898
1.349900
1.872396
1.859174
3.025534
1.623995
1.912707
3.077814
3.883087
4.116940
5.195774
4.334297
3.761422
4.088904
4.121982
3.971052
4.101079
2.799675
2.493685
3.834085
4.591555
3.861246
5.020764
3.757353
2.134987
1.243283
0.982052
0.966747
0.975182
0.964432
0.943645
0.977397
0.960544
0.954059
0.971867
0.966975
0.965966
0.951257
0.970106
0.964279
0.965932
0.955475
0.984352
0.963232
0.956730
0.966503
0.968338
1.023647
0.967289
0.970722
0.965411
0.966028
0.973645
0.958698
0.949262
1.125479
1.465438
2.052949
2.373406
2.243017
2.150213
2.483752
2.405727
1.632985
1.023189
1.438540
2.221451
2.434067
3.399471
2.117886
1.863779
3.357438
2.790940
2.612625
2.461051
2.366260
3.918308
4.884371
5.238385
5.417484
5.025519
5.041046
5.552585
4.499890
4.088704
2.178739
2.831853
3.665183
5.416576
5.280333
5.451997
4.943510
5.565106
5.132555
5.156999
5.342112
5.192228
4.870852
5.306378
5.105496
4.878268
4.835834
4.654117
5.219913
5.237142
4.904539
5.420986
5.462997
5.081220
5.471840
4.909065
5.378330
5.036970
5.581896
5.619629
5.490212
0.996991
1.719106
1.076428
0.963803
1.048187
0.967628
0.973041
0.993712
3.622679
1.049166
1.589678
1.050584
0.981859
1.230174
0.970458
1.036265
1.536405
0.974662
0.997291
1.004132
1.023920
1.057837
1.602494
1.167126
1.087689
1.311425
1.248857
1.316437
1.450352
1.272958
1.438423
1.012395
0.999197
1.011746
1.047775
0.976537
0.971072
0.994712
1.026486
1.193683
0.964586
0.973385
0.989944
0.980431
0.963589
0.968148
0.980457
0.979937
0.987103
0.999797
1.090654
1.235005
1.184207
0.974484
0.969422
1.088828
1.406145
1.355541
1.368360
1.583190
2.155993
1.486270
1.985315
2.735001
1.716020
1.667036
1.094637
1.102779
1.286969
1.483152
1.894407
2.096733
1.492799
1.113315
1.159882
0.967147
0.989707
0.952581
0.988141
1.048649
1.493092
5.864042
5.580867
5.415689
4.894950
5.506651
5.172013
2.968878
5.243665
5.465186
5.531446
4.220157
4.066717
5.399426
4.406996
4.758759
6.063914
5.373881
5.128475
5.516903
5.439910
5.352487
5.048012
5.738458
5.515690
4.799850
4.925744
3.718568
3.525987
4.823078
5.338587
5.618962
5.770118
4.862416
5.394326
5.610988
5.642348
5.538118
3.085604
2.113386
2.823159
4.132286
3.060783
1.371974
1.871328
2.344477
2.764492
1.644300
1.698102
2.738361
3.218953
4.389143
5.784241
4.950188
5.779910
5.608571
5.080718
5.478862
5.198430
5.159985
5.522294
5.661262
5.083092
5.511398
5.618751
5.432259
2.829267
1.223055
1.003728
1.614253
3.148476
4.711930
5.192246
5.596885
5.273817
5.492327
5.513679
5.479807
5.356087
5.289704
5.487201
4.022351
4.934612
4.909904
5.646376
3.615686
5.448757
5.409335
5.489874
5.346697
5.636428
5.466919
5.443717
5.245642
5.457941
5.140312
5.406528
5.393954
5.212044
5.467557
5.144858
5.447673
4.089280
2.898494
4.376598
4.348017
4.670414
5.476667
3.405122
3.290793
5.501056
5.583955
5.056419
4.184467
5.411685
5.285196
4.933200
5.395084
5.410161
5.510040
5.005382
4.853024
5.447308
5.299085
5.035114
4.479371
5.158620
5.523281
5.359901
2.395713
3.976690
4.983706
5.627328
5.437933
5.395869
1.716802
0.968605
1.030509
1.076849
0.978030
0.963182
0.967265
0.950521
1.001839
1.235603
1.498720
1.631425
1.116583
0.974508
0.957792
0.998160
1.402287
1.511130
1.034706
0.987084
1.157199
1.320211
1.497240
1.349890
1.095803
1.327697
1.274290
1.242434
1.641970
1.412669
1.012863
1.058713
0.987156
0.967907
0.958907
0.963385
0.994772
0.962458
0.920495
0.979328
0.970672
1.260004
1.230651
1.247342
1.310221
1.316728
1.484962
2.439049
2.342114
2.001883
1.417686
1.324702
1.669788
1.579781
1.493784
1.695303
2.831992
2.755328
3.215307
3.452209
2.886250
3.276351
3.454308
5.112148
5.479037
5.301629
4.319384
5.002965
4.924855
5.237965
5.105180
4.981130
2.064498
0.992071
0.944015
0.948678
0.933630
1.279966
1.868398
3.167298
3.931849
5.304031
4.467749
4.941003
4.989219
5.463186
5.223359
5.399848
5.410582
4.907451
5.322111
5.048029
4.849813
3.767145
2.980717
0.965854
0.961196
0.969483
0.984403
0.960993
0.974317
0.965823
1.037559
0.994982
0.969878
1.300774
1.428532
2.005482
2.028238
1.653219
2.019840
1.801049
1.842052
2.619859
2.448469
3.624776
2.663955
2.489165
3.420120
3.082139
3.656930
3.317356
2.916533
4.490743
3.368997
2.915279
3.030025
2.005700
1.585913
1.752245
1.442638
1.927331
2.432302
1.403162
1.033299
1.006280
0.958308
0.962339
0.965230
0.959653
0.959784
0.973444
0.972302
0.967557
0.975708
0.964667
1.007966
rse = 1.894234
iterations : 1000