21.691866
21.448902
21.266701
21.144359
23.876864
25.586315
21.130678
21.434017
22.203280
25.788418
22.790421
21.125555
24.808802
21.286734
21.034717
20.922020
21.013697
24.957791
26.698198
21.072351
21.290361
21.079498
20.999865
21.220014
20.842359
24.070832
20.855528
25.012793
22.116235
20.861701
21.127141
24.456520
22.666629
35.668368
28.394405
25.577306
30.499387
34.411545
39.083955
21.181243
21.157328
24.435904
22.365153
22.618455
21.100181
20.883904
20.929146
20.839441
21.536349
21.956315
21.536199
21.662678
25.017387
20.869234
20.964350
30.088035
20.801001
21.159486
20.621636
24.555875
21.365355
21.410002
21.063065
22.472949
22.644019
21.851683
21.380084
21.015527
21.658360
21.246347
23.802125
21.966213
21.257952
21.480126
21.017676
21.797767
21.798113
23.777067
21.579461
21.350718
20.884800
21.241024
21.162743
20.901011
21.298661
21.616936
21.242488
23.650008
21.635475
21.633868
21.161132
21.671874
21.240172
21.341267
22.017677
21.985227
24.553182
21.219383
21.329065
23.593708
24.974356
21.228928
23.101330
29.386954
21.660169
22.108352
21.680923
22.070018
21.600332
23.990798
31.190503
31.933604
22.867107
21.521066
24.858496
21.818589
31.498825
27.144009
38.501871
21.406932
30.430696
21.955744
23.630406
23.596506
21.924860
21.103200
30.974886
21.774795
44.268628
22.107601
25.283878
21.167291
23.404414
34.940001
21.547533
21.532015
25.437507
25.060168
21.314091
22.379296
22.078508
21.927526
21.719444
21.209975
21.124461
21.146535
21.035473
21.192764
21.207719
21.802786
21.781047
21.074348
25.138486
21.566389
21.809356
25.437387
25.312999
22.513175
22.853179
22.119748
22.053798
24.317875
22.071019
23.088455
22.271574
22.276138
22.485060
21.360708
21.206387
21.343266
21.003500
21.192686
21.323418
21.627332
20.888601
21.393680
22.191123
21.881716
21.605934
21.714344
22.702610
25.304593
23.744815
20.674710
21.222352
41.388273
24.555258
31.156414
23.257077
21.012752
21.496526
23.953456
24.552266
21.269909
21.650119
21.127257
21.175411
20.489195
22.605810
22.217842
28.936589
29.962299
23.785697
20.701264
28.106296
21.718956
21.028287
21.367922
20.978427
21.084632
20.461290
20.839326
20.713201
20.519376
21.575722
24.323977
21.427619
21.296148
21.615643
21.617931
21.071800
20.548302
23.011440
22.479885
21.613929
22.748862
21.171619
21.482601
21.331428
21.326012
21.344880
21.314303
21.502131
21.233948
21.154123
22.346494
22.318216
24.635222
20.996997
rse = 0.998251
iterations : 238
