1.071402
1.142469
0.990856
1.031960
1.039425
1.345366
1.854912
2.739085
3.297404
3.700467
3.423967
3.817417
3.639022
4.132098
2.870856
2.879812
3.848755
4.064212
5.004573
5.699932
4.860661
5.907022
5.741340
5.841963
4.970403
3.238757
2.511876
1.789725
2.013031
2.405736
1.615851
1.228350
1.060087
1.343675
1.401691
1.549651
2.164865
2.555164
3.048145
3.989668
2.826866
1.464751
1.022800
1.002582
1.138380
1.367626
1.953925
3.232785
3.658759
4.645591
3.726231
5.043865
5.244215
5.078570
5.802124
5.224854
5.267810
6.125240
5.622835
5.736842
4.412516
5.737533
5.245101
5.626692
5.655791
4.236919
5.065517
5.593715
4.250617
5.786065
5.914193
5.427708
5.629722
5.289412
5.852308
6.011593
4.861420
5.833514
5.486194
3.859774
1.407051
0.992930
1.011202
1.013815
1.012413
1.028897
1.014292
1.011597
1.018376
1.060512
1.013104
1.026978
1.061706
1.010851
1.025189
1.012855
5.277304
5.750531
4.493125
5.128254
5.497328
5.251724
4.496576
3.290412
5.446767
4.562560
1.023479
1.009225
1.103314
1.371101
1.719995
1.950540
2.388395
3.082952
3.586040
4.544035
3.969571
4.451808
4.277731
5.582587
4.410169
5.065976
4.380511
5.330948
5.348941
4.294455
4.823257
5.654398
5.400174
5.749216
5.044235
5.768239
5.104253
5.226914
5.685215
5.088364
5.728105
5.366770
5.718492
5.824348
5.935678
5.746199
5.227519
5.179856
6.140104
5.708900
5.368044
5.627519
4.992656
5.381532
5.752292
5.706333
5.789662
5.289148
5.673778
5.539025
5.811263
5.825786
5.777657
5.067558
5.002058
5.882005
4.578336
4.350069
4.553685
4.173413
3.599290
5.600210
5.062402
5.547637
5.229650
5.688650
5.654288
5.501477
5.771440
5.783598
5.801102
5.477318
5.288926
5.272032
5.736253
5.803038
5.052622
4.906287
4.126804
5.078776
4.477208
5.091678
3.983295
2.234534
1.186654
1.020105
1.007929
1.029631
1.013060
2.335679
2.509947
4.519753
4.235568
2.426396
4.808049
4.224560
5.217480
4.553083
3.333475
3.807391
3.747574
2.876367
2.243980
4.177783
1.215937
1.013322
1.011463
1.009447
1.190414
1.016019
1.075135
1.071640
1.356972
1.700008
1.277798
1.559506
1.201072
1.241679
1.040336
1.022199
1.017374
1.014360
1.278967
1.578247
1.849263
2.146077
3.520692
4.165427
3.665328
4.082548
2.963291
4.337615
5.120708
3.548634
5.017544
4.220587
5.735382
5.709154
5.662893
5.058377
5.719123
5.387081
5.645635
5.131350
5.201946
5.717841
4.437833
4.845955
5.710365
5.582075
3.626684
3.926374
5.547997
5.174500
5.736773
5.850219
5.405531
5.223039
5.997647
5.865367
6.245278
2.103234
1.742506
3.118789
5.224534
5.768049
5.083319
5.791981
5.287486
5.057930
4.704647
4.313468
4.328835
2.988639
3.235554
5.119532
5.147893
3.595916
2.726106
2.107394
4.302859
5.509281
5.398447
5.260307
5.542223
5.199262
5.893016
5.720614
5.678660
5.496074
5.060594
5.717707
5.717114
5.856942
2.903514
1.552548
3.642309
2.748401
2.266329
1.720383
1.442804
1.011436
1.001000
1.258510
1.020782
1.120434
1.050138
1.079408
1.433791
1.751297
2.409002
3.012409
3.404543
4.031827
3.182822
3.661456
4.154780
3.357411
3.511558
2.676292
2.695940
4.114159
5.211637
5.728931
5.075443
5.599519
5.177112
5.824119
5.060946
5.566664
5.743728
5.735177
5.117917
5.631906
5.523121
5.954813
5.019596
5.565625
5.575165
5.055704
5.347871
4.372310
2.773562
3.329913
2.264933
2.433290
2.437204
3.012667
2.798888
2.349254
2.417260
2.356195
2.653524
2.369528
1.875544
1.779465
2.424637
1.534561
1.819740
1.903711
2.489816
2.445259
3.424640
2.963116
4.661736
4.528654
3.197519
2.811807
3.029449
4.570539
3.917352
4.692137
5.808644
3.951592
3.215703
4.268455
5.387557
6.313569
4.870688
4.397640
4.682151
5.201867
5.086375
3.970793
4.874513
4.568045
2.315724
3.091539
3.788421
3.089608
2.364123
2.073625
1.327316
1.784806
1.355940
1.035972
1.025986
1.461790
2.015085
2.686144
1.504770
2.489783
3.928770
3.029236
3.862679
3.129432
2.409310
2.486144
2.819442
3.362002
3.095386
2.469959
1.516721
1.923775
2.933157
3.506397
3.348924
1.556306
1.478408
1.829880
2.215904
1.442788
1.103064
1.489072
1.430139
1.540844
1.523932
2.169413
2.177539
2.382172
2.313430
1.942894
2.053674
2.272990
3.123911
3.615599
4.609931
5.318589
3.600472
5.101679
5.893346
5.551086
5.070313
3.548078
2.649857
3.366932
5.380978
5.731342
5.125241
5.883574
5.792102
5.755845
5.401367
5.792823
3.010668
4.648646
5.231249
5.580643
5.296071
5.842170
5.381767
5.431686
5.065967
5.774102
5.323092
5.504839
5.047051
5.763483
5.762170
5.073846
5.720616
5.756017
5.710374
2.367708
1.823811
4.223509
5.367152
5.055031
5.394900
3.871162
3.443393
3.588705
2.618632
2.907283
3.755568
4.854423
5.298805
5.337848
5.198618
5.509322
2.222921
5.654660
3.852851
3.196411
4.982335
5.461783
3.518388
4.618554
5.758551
4.870928
4.212343
3.733164
4.832488
5.726658
5.583278
5.239883
5.245541
5.337162
5.789414
5.424636
2.938792
1.658825
3.519335
2.329187
2.192549
3.032173
2.578160
3.231720
2.340155
2.288460
1.326407
1.022145
1.019258
1.062645
1.221085
1.645914
1.910018
1.990187
2.175997
2.397251
3.523356
4.626501
2.038719
1.345362
2.446694
5.413269
5.789131
5.706800
5.820163
3.736272
5.812969
5.693572
4.145754
4.891520
5.720616
5.409451
5.603770
5.337153
5.689961
2.865391
1.565921
1.057250
1.015757
1.007612
1.084367
1.012211
1.011437
1.113314
1.007299
1.168723
1.291992
1.831456
2.170384
2.234492
3.381269
4.291285
3.929931
4.084520
4.494648
5.428681
5.411515
5.707288
5.718516
5.678355
5.264890
5.737922
5.267821
3.087803
1.797065
1.016535
1.011643
1.095956
1.624286
1.566851
1.784120
2.254637
2.965452
2.969090
1.931987
2.805999
2.236671
2.333120
3.070814
3.922979
4.405500
5.451885
3.779544
4.882040
5.995569
5.781951
5.519947
5.604883
2.660994
1.355351
1.009757
1.008573
1.031439
1.141281
1.708978
2.772850
4.520198
3.183135
1.488488
1.961711
3.689977
4.804533
4.129742
4.399352
5.976335
5.130888
2.810338
2.132519
2.262480
2.770805
2.717529
4.979269
5.811618
5.393185
5.107981
4.922343
2.901397
1.973470
3.162481
3.428815
4.831110
5.056253
5.773817
5.062569
6.068724
5.779009
5.193736
5.443124
5.139191
5.856203
5.776895
5.133347
5.220166
5.786152
5.052122
5.651567
1.827676
1.453473
2.712429
4.728550
4.578202
4.740277
6.169712
5.128687
5.957719
5.087682
5.436968
5.734983
5.261149
5.260814
5.852552
5.707863
5.727679
5.456413
5.422549
5.914581
5.085600
3.194161
2.829082
4.121698
4.833079
4.788733
5.216003
5.627729
5.385768
5.090986
4.997903
5.770469
5.082378
4.137858
4.743944
5.298072
5.442974
5.822004
5.714595
5.180600
5.221119
5.730918
6.020453
5.405309
6.688993
5.786458
5.963542
5.210216
5.289332
5.729041
6.349091
2.998363
1.278363
1.557198
2.147577
3.200300
5.404430
5.065536
4.967057
5.388985
5.279926
3.412491
1.470562
1.011253
1.032501
1.655927
2.850023
4.650143
5.163440
5.087861
5.096849
5.225803
5.110302
5.313915
5.815408
5.073484
5.604540
4.929030
4.910549
4.364911
4.880437
5.849149
5.507516
5.719754
5.878846
5.082663
5.183914
5.582534
5.760815
5.248260
5.745074
5.195804
5.737617
5.423574
2.821134
1.454945
2.131533
3.252687
2.865197
4.388383
5.424881
3.964721
2.671815
1.851239
1.328501
1.024594
1.095162
1.185933
1.622378
2.095543
1.427769
1.095463
1.018173
1.140718
1.049844
0.982070
1.018761
2.437920
2.004617
1.757832
1.606425
1.342009
1.171492
1.094746
1.014286
1.033140
1.027194
1.054948
1.289603
1.017905
1.049708
1.118362
1.026625
1.038906
1.035972
1.013444
1.011840
1.027981
1.011247
1.062578
1.008975
1.021727
1.014770
1.008690
1.013491
1.019697
1.093743
1.025113
1.011916
1.011547
1.248669
1.250478
1.242100
1.031879
1.028765
1.016676
1.022604
1.013063
1.009495
1.014904
1.089118
1.033062
1.013020
1.017739
1.015817
1.024103
1.014686
1.007864
1.010583
1.029221
1.035849
1.046927
1.006626
1.043021
1.036008
1.010671
1.025538
1.022446
1.011762
1.054992
1.018638
1.083528
1.348449
1.311058
1.613017
1.880467
2.345226
2.202514
2.314957
2.360914
2.261542
2.755467
3.818547
3.907230
2.999237
2.254063
2.995681
4.478583
3.303760
3.771791
5.745221
5.754124
5.703568
5.070767
5.564835
1.006126
2.157396
4.049269
5.244083
5.745942
5.852961
4.448238
5.047173
5.846809
5.676364
5.587864
5.760255
5.832506
5.331276
5.093356
5.559347
6.235605
5.168178
5.685437
5.203317
5.866323
1.785430
1.890197
1.385768
1.040698
1.013375
1.358199
2.138865
3.163260
3.595560
3.562180
4.120511
5.254658
5.696319
5.780195
5.070782
5.272066
5.100542
5.674095
5.638042
5.085599
4.982450
1.710876
1.705951
1.875193
1.636123
1.265629
1.023471
1.009115
1.006769
1.234012
1.704453
3.381180
1.817754
2.057006
2.566929
2.979779
3.049061
3.660961
5.003923
5.451681
2.633746
1.042797
1.014922
1.294659
1.123253
1.036404
1.013250
1.022894
1.012408
1.194029
1.575659
1.553495
1.254881
1.103340
1.378619
1.697286
1.506329
1.806090
1.691372
1.566685
2.790184
2.990697
2.684630
2.648476
3.622012
4.037659
3.106830
3.258608
4.235004
5.073171
4.300859
5.010677
5.532251
3.902921
4.872346
5.835642
5.486078
5.217184
5.272630
1.820976
1.527606
2.310204
3.823405
4.908952
4.512364
1.584741
1.707409
1.706280
3.143680
4.272743
4.142220
4.844156
5.400898
5.759492
5.528506
3.048631
3.825529
5.518592
5.727134
5.447936
5.692246
5.172054
5.985660
2.246136
1.094028
1.020916
1.006729
1.015174
1.010845
1.026424
1.016462
1.011443
1.006992
1.085053
1.024584
1.329956
1.526262
1.606739
1.436932
rse = 1.594954
iterations : 1000