29.719116
20.879083
22.833370
25.321217
23.088210
21.061337
21.565925
20.373917
21.160052
21.120460
22.546775
21.360562
21.376816
31.520707
23.731627
21.243148
20.887701
21.253449
21.461816
21.226776
27.252957
22.050834
27.593508
20.579091
21.154991
21.513954
23.844721
20.682812
20.687613
20.793262
20.402154
20.778739
25.212479
20.758295
23.077717
20.675565
21.139292
20.993021
21.093791
21.005354
20.926845
21.055192
20.960381
20.886354
21.711306
21.499411
20.529268
20.685565
20.713773
20.892824
25.892974
22.414726
21.425273
20.898015
21.050722
21.189644
21.244866
23.124247
20.812408
21.060543
21.210646
20.841709
20.731372
20.710841
22.722879
21.809691
21.057987
20.804983
21.062908
21.785731
21.405342
20.909818
20.915806
21.257733
21.443695
21.290771
28.751635
49.396971
20.483789
21.124698
21.615737
23.966746
25.377345
21.018872
21.175675
21.186005
22.133586
21.077860
26.362820
21.808652
20.971016
20.857367
21.068285
20.963169
23.943419
25.317851
22.680848
21.095717
20.779735
21.564600
23.855457
24.118887
20.971847
21.489683
21.446608
21.185701
21.112862
21.226702
21.010098
21.031469
21.279516
21.129771
20.380014
20.795178
21.113869
24.241467
23.180448
23.499385
20.763307
21.296948
21.444611
21.057624
24.237178
22.669021
22.020224
25.470039
23.812206
20.967528
20.837835
22.324265
22.940824
24.452744
27.163584
21.321560
20.997120
21.608796
20.723401
21.489725
21.722956
20.630572
20.680333
20.818620
24.751526
23.515224
22.363674
20.954165
20.697953
21.059814
20.901656
20.648683
20.979695
20.708349
20.955690
20.741835
21.274562
21.003342
22.280613
21.349700
20.911520
21.016966
24.183555
21.058784
21.024881
20.988217
rse = 0.998932
iterations : 163
