16.055082
16.512589
16.840595
16.953113
12.939869
10.904442
9.603318
16.658684
14.212086
17.811393
17.688924
17.043607
15.426006
8.608089
4.258233
5.017864
10.462713
14.506489
16.506221
16.150502
8.108426
9.801611
14.988003
12.900077
11.419368
12.776796
10.988262
4.690203
4.501210
4.769469
5.391730
3.931782
3.937675
4.139426
3.621681
3.658837
3.695260
3.599150
3.621865
3.680642
3.650169
3.558402
3.383910
3.628939
3.699686
3.634133
3.648757
3.594323
3.577971
3.633673
3.556798
3.801081
3.603383
3.575912
3.683635
3.560574
3.546179
3.531707
3.571850
3.621488
3.588571
4.045986
3.578141
3.603157
3.546601
3.756277
3.553134
16.083447
17.001436
16.197912
16.152224
17.618609
6.369655
3.599161
3.632738
9.501878
10.018608
3.607358
3.615270
3.757715
3.656886
3.672658
3.585037
3.696263
3.795505
3.617037
4.146729
3.747868
3.632377
3.704616
3.760479
4.134465
5.475761
5.351904
3.662827
3.634362
3.577527
3.608018
4.746327
4.764555
5.212806
3.776882
4.017029
5.024257
5.024680
5.852394
8.790943
7.603784
5.958153
6.607728
8.002725
6.800891
8.712077
14.479550
12.706864
6.521363
4.325004
5.314805
4.467633
4.125457
4.791465
4.508416
5.382217
3.933580
3.876306
5.620071
6.641058
6.517449
8.552356
7.961451
9.543916
9.485863
9.394882
9.955970
9.875392
9.578367
9.802762
9.828384
5.509601
3.664625
3.617194
3.593719
3.722026
3.611925
3.618635
3.602486
3.576548
4.107755
5.432269
5.256970
7.559094
6.992767
9.205571
10.987692
5.718275
8.441339
14.695652
11.145783
8.792611
17.360310
8.559680
4.331770
4.806588
5.274776
4.999612
5.855594
5.590209
3.795409
3.676158
3.672692
4.602020
3.794330
3.705040
3.650720
3.894115
4.537016
4.693363
6.582332
8.394326
4.880584
4.706445
3.568471
3.660419
3.614254
3.750626
5.804409
8.266761
10.945750
8.600876
7.126046
9.393871
9.678725
7.958404
7.617637
7.728073
7.480143
3.869319
4.157624
4.486728
4.085505
4.443081
4.811135
3.970570
3.591558
3.689787
3.651902
3.883288
5.122535
3.717771
3.603897
3.612438
3.613510
3.603450
3.780783
6.579784
9.625745
11.258230
8.509736
9.671295
8.643414
7.168761
3.633889
3.643664
3.639084
3.618682
3.565062
3.957496
3.859451
4.170661
4.783341
8.163451
9.900110
9.846140
10.365110
11.446385
10.936209
12.387467
15.515666
7.114609
17.162243
18.397049
17.824029
12.299699
11.113389
11.065393
17.182481
14.805535
6.903497
6.306182
8.809014
14.952749
11.007653
10.965114
13.757287
9.116923
9.679810
11.592656
6.465037
5.966349
10.702229
13.665988
9.751095
9.965237
13.896008
15.450004
13.789906
10.419949
5.532397
4.522873
5.785868
10.875968
17.407339
15.930049
12.939378
6.660828
16.702982
12.338870
12.738291
19.455904
15.858259
16.533787
9.014262
8.385921
16.292916
16.108123
12.802720
3.755007
3.604275
3.601999
3.577162
3.621504
3.692960
3.672292
3.885960
3.739157
3.718810
5.310527
4.537039
3.707603
3.600517
3.601196
3.614257
3.567055
3.624527
3.664679
3.803125
5.821290
6.340599
7.112444
7.771499
8.363799
7.451812
4.056717
8.161307
5.656474
3.843070
4.116277
18.944059
14.715897
10.566962
9.059077
14.867335
14.344984
13.754170
14.473081
6.140483
9.290017
11.063775
5.766916
4.640400
5.518130
6.641719
9.837507
5.248738
6.932367
8.645641
7.941871
8.341142
11.130625
14.028982
17.511304
15.152156
13.201643
5.983491
5.530026
10.974324
10.955846
11.886073
7.821856
3.604250
3.598540
4.386551
4.328610
4.146437
19.392775
17.492407
11.980949
5.180546
5.602811
6.744089
5.453832
6.272466
6.510618
6.058535
6.757441
6.591234
8.262805
6.982393
8.509554
11.664875
6.826548
5.850089
4.900459
3.836908
4.149488
3.640605
3.650191
3.612353
3.505871
3.628727
3.602491
3.836471
5.812712
5.845542
6.369722
6.767068
7.322692
6.116686
5.076595
5.850715
8.249855
8.641984
11.800899
5.811699
3.653764
3.673576
4.150425
3.760131
3.671946
3.627023
5.378139
4.159231
4.099663
7.157870
14.395143
7.457920
7.146476
7.256040
7.398837
10.056936
11.837926
6.794291
4.070668
4.545410
6.771719
5.212365
5.828437
13.889546
15.281794
13.338136
8.375199
8.112803
8.096242
7.985086
7.395408
14.933216
10.388809
11.177768
8.296477
11.313527
12.428929
7.712986
5.404430
6.187005
13.560515
14.186133
15.031051
4.690976
3.666631
4.574710
11.080296
14.556012
8.605974
9.943648
15.849325
18.769859
16.139645
14.719244
13.111296
13.775074
10.646515
10.317596
16.342639
18.837189
14.486296
15.831421
15.645115
6.972007
8.381520
8.419198
9.990374
10.636529
3.663881
3.707240
4.971276
3.981722
3.680227
3.547419
3.535982
3.534872
3.647722
4.402376
4.392726
6.665405
10.339596
5.967929
5.805624
13.180043
12.449506
10.976761
10.595247
9.594328
9.028444
5.036554
5.234072
6.957677
7.384338
9.493208
12.041850
14.319258
15.596170
13.226446
9.102037
5.107749
4.615341
7.254999
14.849642
4.227422
6.638997
4.904857
5.317392
11.133366
10.871517
17.017287
13.665816
9.228955
17.308472
17.028503
14.869174
12.310286
18.678791
14.766292
19.034439
13.623692
16.402796
12.130719
12.912887
15.467230
16.593300
7.214708
14.314126
14.185409
12.050974
6.542391
8.494939
8.264776
9.994433
6.971292
17.229070
15.098510
13.910338
8.003450
3.985127
4.152841
4.564511
5.128984
5.150982
7.234148
4.635820
5.018956
6.953522
14.919864
7.823450
14.048697
15.902309
15.981105
18.194456
14.655404
14.979875
7.027982
5.563525
13.400829
11.686730
10.273271
13.226708
18.999388
12.162731
7.643078
11.017426
10.667570
12.258683
9.048115
5.879907
4.516653
4.836427
7.236947
4.604834
3.688064
6.380230
9.607740
9.574114
10.217531
14.707476
13.546206
14.427257
15.963676
6.859426
8.325799
10.118880
5.282030
5.586612
5.130686
3.644945
3.617242
4.107671
4.048219
4.838837
4.239829
4.713816
6.112657
5.689700
12.921321
16.868186
6.896367
11.415850
9.500718
17.975365
11.667352
3.454998
5.147570
11.540172
13.370867
14.208836
11.179635
10.971114
10.011729
3.847715
3.553947
4.352346
5.464057
5.385934
5.257490
8.562016
11.054464
15.518484
18.914927
16.205262
16.869169
15.753029
16.777603
12.971991
5.839067
8.348164
5.868169
13.733443
13.406517
11.802941
14.618263
11.297806
6.584488
14.803220
14.769566
14.314065
15.519501
18.150924
19.085646
12.782103
6.983233
6.789556
13.994566
14.951351
9.934092
12.250901
11.798150
10.495708
13.780292
12.294895
7.024035
6.126036
7.077148
5.566092
7.175624
11.866804
8.324247
8.434891
10.102834
12.090775
8.274473
8.152862
12.168188
16.089705
10.642054
12.337879
15.875329
16.520739
8.851061
8.857870
14.324522
15.634232
16.578082
7.156008
15.344858
16.738747
17.173702
16.872521
7.521547
15.470253
15.562453
13.611707
15.485934
14.256930
18.793726
14.917121
6.866694
6.162489
14.742181
14.821382
18.477304
14.452842
10.852633
7.367676
15.034686
13.540984
13.291112
12.761220
9.097245
10.111882
14.852446
11.747525
6.559412
5.381199
8.005508
8.803509
10.086505
10.207512
10.239965
11.922453
13.848878
7.715102
4.312001
3.638297
3.546907
3.901063
3.784711
6.050197
10.311207
6.016201
6.097267
12.875862
13.219206
11.209686
6.958912
16.074557
12.897405
11.716172
16.784756
14.909129
14.252926
9.102185
10.010800
6.756520
6.985194
6.947530
18.442501
17.313665
9.735661
14.692394
14.270512
12.350241
14.127578
15.168434
16.371686
14.264747
15.552624
9.416198
14.929430
8.685630
8.890187
16.503547
12.553296
9.033227
5.746466
6.656359
7.401261
5.286181
5.439683
12.832489
12.553066
6.051698
5.560016
8.814943
10.089859
15.324953
17.418593
13.369690
13.793955
13.781361
7.099552
4.201669
3.463638
3.630975
6.362025
11.258708
15.717636
15.630239
19.187820
13.793648
20.337865
15.504651
17.052340
14.138280
12.689156
11.037621
15.896300
16.636707
12.035253
8.004860
3.713726
7.444107
13.149015
14.053491
10.946339
19.540834
18.633296
6.665202
15.662862
15.791884
16.881383
12.967631
18.079843
17.315625
15.826297
19.837141
15.356442
15.517601
18.512175
17.784241
15.898147
18.975793
15.846805
15.976799
6.872661
8.110608
16.451578
12.198491
11.538895
17.050061
19.031173
11.372538
10.638726
9.276267
14.490516
14.239900
5.994769
10.887242
15.012392
14.363676
16.693774
8.169902
5.993809
6.792295
7.460709
7.496481
13.428234
9.219606
5.372805
5.956953
8.573476
5.521988
5.052698
7.494261
7.304275
4.698707
5.335064
8.493862
14.678305
12.742274
10.639112
15.765357
11.682709
11.849705
6.940184
13.004399
6.781000
7.342352
8.433984
8.993550
12.852272
12.265029
10.032721
7.535810
14.977337
15.501325
10.418291
7.894793
11.297058
15.105047
10.808641
10.354690
14.815811
8.389200
8.725071
6.779144
8.912925
7.439231
14.441957
18.318888
15.124707
17.170170
12.831260
15.946948
17.145432
16.871447
3.961893
3.535584
4.863998
8.105206
8.746744
8.123765
8.793176
8.550493
6.167844
7.326986
11.896878
15.263647
7.449000
8.696869
16.316431
12.706275
6.966764
6.525049
5.050488
4.600754
6.853667
5.898833
5.962646
7.510816
4.734456
5.230381
9.830560
7.325981
14.717817
13.855513
12.995346
12.024177
14.866374
13.211709
12.298105
10.305476
9.277810
11.325097
15.721032
7.386531
4.220722
3.811885
5.624455
9.225391
7.928033
9.492241
14.027120
10.106605
14.755127
13.822024
14.901323
16.472964
14.930215
6.700345
5.793880
10.011296
13.221554
11.120442
12.183235
9.701463
21.918576
17.160258
18.945252
15.158499
13.773054
11.733922
10.142336
5.632271
6.680682
8.886006
9.107718
11.239687
10.164199
11.997695
6.072925
4.060660
4.162955
8.005514
15.540538
16.281164
20.696092
16.015037
16.210749
8.714533
11.083164
11.623918
11.713691
8.029218
13.628291
12.984691
14.200693
15.163943
13.810582
14.071062
10.310719
7.192464
6.341413
4.013913
4.690855
6.445202
8.032992
8.407680
8.889937
10.805161
9.236205
16.447556
14.088877
5.562581
6.165156
13.234959
11.547682
7.366810
7.787516
15.274677
18.961064
12.077250
15.156438
13.562571
rse = 1.551594
iterations : 1000