1.126378
1.411623
0.983691
1.012802
1.118427
1.544266
1.368889
1.670067
1.355308
1.563416
1.535534
1.533271
1.576671
1.544558
1.523417
1.672963
1.541181
1.390655
0.673399
0.455703
0.801015
1.532834
1.362911
1.358391
1.524505
1.553915
1.536585
1.567252
1.616951
1.528719
1.532402
1.576228
1.559528
1.526127
1.555932
1.527657
1.378924
1.641965
1.527839
1.521571
1.526198
1.490285
0.591316
0.422063
0.433277
0.698177
0.607285
0.510215
0.438973
0.381433
0.272310
0.282674
0.265523
0.279932
0.290750
0.271979
0.273833
0.275166
0.274429
0.272316
0.267560
0.310615
0.309021
0.358561
0.465634
0.558383
0.827592
0.864368
1.020653
1.090201
1.345119
1.550835
1.547794
1.521531
1.543964
1.596829
1.526379
1.535694
1.455614
1.530976
1.367670
1.669509
1.475629
1.553131
1.542069
1.353755
1.628949
1.573925
1.537228
1.567553
1.140571
1.533378
1.663310
1.564751
1.395125
0.630665
1.202701
1.032787
1.490475
1.173435
0.627278
0.386862
0.280283
0.274709
0.301101
0.391295
0.436963
0.548461
0.549803
0.523020
0.567248
0.570398
0.587058
0.603094
0.454917
0.568835
0.543435
0.507452
0.474360
0.556207
0.705944
0.681129
0.839103
0.650241
0.954258
1.411319
1.585028
1.371413
1.580608
1.354319
1.496314
1.361496
1.228684
1.539201
1.379916
0.644428
0.395527
0.344822
0.535705
0.724249
0.797628
0.779286
0.920056
0.765679
1.004954
0.991913
1.262663
1.118180
0.915898
0.919113
1.095777
1.270940
1.207931
0.851820
1.157952
1.178752
0.605049
0.437381
0.493714
0.534618
0.818468
0.917647
0.822122
1.270139
0.662308
0.721550
1.037518
0.921852
1.223149
0.998017
0.873360
0.611546
0.619033
0.420613
0.347529
0.369402
0.507081
0.712832
0.919594
0.761656
0.665922
0.882863
0.981704
0.825007
0.944808
0.746065
0.878478
0.905837
1.512881
1.361258
1.027209
1.474738
1.530875
1.367025
1.356313
1.483060
1.673223
0.894543
0.612889
0.336593
0.289530
0.274273
0.274219
0.272838
0.274287
0.271010
0.273957
0.275473
0.271878
0.273316
0.274092
0.273742
0.272424
0.298735
0.273057
0.318462
0.339474
0.401956
0.455240
0.643695
0.645560
0.567586
0.599515
0.686002
0.615345
0.674110
0.918587
1.057902
1.088461
1.446248
1.260558
1.400043
1.345607
1.665673
1.354734
1.529539
1.893175
1.692555
1.330304
0.991516
0.951880
0.553585
0.387938
0.300590
0.432518
0.630438
0.767183
1.552022
1.586127
1.560760
1.578775
1.593305
1.350710
1.370130
1.354133
1.681340
1.463306
1.684982
1.526759
1.602184
1.521176
1.362201
1.780981
1.510316
1.523021
1.525807
0.780040
0.413232
0.269472
0.273926
0.273071
0.274883
0.274619
0.272207
0.273869
0.270529
0.274553
0.275850
0.274430
0.273765
0.272512
0.271915
0.273505
0.271687
0.274386
0.332566
0.290230
0.272862
0.277696
0.274804
0.280598
0.274212
0.275049
0.277328
0.272824
0.274537
0.272948
0.285920
0.271215
0.273724
0.299066
0.449743
0.358624
0.389404
0.349749
0.372022
0.398747
0.437606
0.460350
0.417148
0.340427
0.405273
0.422744
0.407175
0.423117
0.498069
0.506864
0.885820
0.600609
0.624875
0.425048
0.453043
0.462249
0.427683
0.436625
0.488701
0.605303
0.677877
0.665846
0.878741
0.491096
0.339040
0.273050
0.289039
0.342662
0.459701
0.547606
0.678409
0.458602
0.339128
0.276018
0.313817
0.382547
0.493760
0.672328
0.993342
1.007505
1.071534
0.530632
1.242428
0.886787
1.732403
1.535771
0.406196
1.579441
1.308755
0.828554
0.785837
1.237520
1.027063
1.193347
1.482923
1.143523
1.125176
1.152849
1.144214
1.169289
1.183820
1.243512
1.373318
1.322764
1.248312
0.731902
0.737877
0.747144
0.866096
0.917149
0.838657
1.010442
0.989602
1.321221
1.528190
1.369232
1.440939
1.419369
1.541333
1.601082
1.498169
1.365518
1.534465
1.364730
1.688014
1.590486
1.349914
1.308439
1.382110
1.044369
0.941566
0.806801
1.302044
1.640837
1.354181
1.569786
1.356449
1.449481
1.132164
1.043513
1.070119
1.280514
1.286387
1.288024
1.596397
1.521584
1.168367
1.587979
1.471977
1.623155
1.490964
1.180243
0.745960
0.454225
0.415659
0.537707
0.736512
1.157997
1.363984
1.528264
1.506500
1.433574
1.695481
1.589061
1.508243
1.537374
1.362947
1.546578
1.369303
1.549110
1.577003
1.523009
1.539718
1.375038
1.565663
1.553253
1.513955
1.531395
1.370410
1.523233
1.569349
1.546832
1.583659
1.540633
1.654122
1.554393
1.570861
1.546797
1.525224
1.512123
1.532998
1.536319
1.351762
1.567608
1.572911
1.529177
1.858171
1.414468
1.380116
1.587570
1.560073
1.533098
1.403705
1.552109
1.592053
1.570615
1.548021
1.531826
1.349379
1.371238
1.376380
1.559614
1.610420
1.263118
1.538346
1.362674
1.537885
1.388067
0.910394
0.774481
1.223213
1.338346
1.550959
1.560192
1.635470
1.561663
1.534017
1.544672
1.545015
1.366952
1.568569
1.632223
1.575030
1.361758
1.529038
1.536817
1.526172
1.560758
1.401451
1.396909
1.739725
1.483298
1.543622
1.535200
1.516195
1.076348
0.619958
1.282348
1.733310
1.390955
1.554075
1.625360
1.556346
1.549658
1.537098
0.785706
1.063972
1.563333
1.557553
1.757049
1.410283
1.586965
1.532965
1.534900
1.523217
1.367114
1.535716
1.374750
1.538055
1.398068
1.390328
1.522355
1.372195
1.583109
1.511488
1.555036
1.585911
1.536342
1.565588
1.522264
1.361140
1.526987
1.528360
1.552701
1.561627
1.664263
1.556277
1.530091
1.359193
1.528766
1.562542
1.698495
1.567630
1.547828
0.719926
0.373193
0.432556
0.448913
0.317385
0.274695
0.272964
0.272559
0.274252
0.274382
0.271770
0.293654
0.274177
0.284724
0.272583
0.271499
0.270978
0.273777
0.274972
0.274607
0.271728
0.272111
0.271409
0.271759
0.271070
0.276209
0.273879
0.274207
0.272316
0.273640
0.273479
0.271774
0.273863
0.272195
0.296832
0.275763
0.271522
0.318596
0.299583
0.332212
0.418119
0.492937
0.699982
0.945010
1.336607
0.737362
0.439112
0.530161
0.641923
0.608075
0.788824
1.292062
1.241253
1.291959
1.521502
1.396662
1.616067
1.559248
1.511431
1.515143
1.522849
1.535324
1.371925
1.551367
1.548475
1.559143
1.538398
1.426693
1.366907
1.537502
1.532758
1.544913
1.231882
0.540027
0.325200
0.267462
0.309792
0.369517
0.583477
0.752107
1.252729
1.523660
1.537162
1.395409
1.529179
1.363390
1.556273
1.367075
1.553358
1.673804
1.537083
1.371628
1.527578
1.551426
1.681656
1.375670
1.559786
1.474636
1.523423
1.521270
1.573654
1.367736
1.538307
1.561276
1.569327
1.571619
1.530352
1.521848
1.521407
1.544589
1.473932
0.987476
0.613092
1.292810
1.570928
1.687031
1.460901
1.547803
1.571179
1.542219
1.335620
0.275132
0.651603
0.276108
0.434358
0.914115
1.261410
1.555853
1.373045
1.542925
1.355882
1.384354
1.526257
1.532472
1.370336
1.538060
1.372246
1.355378
1.360348
1.670118
1.536354
1.534793
1.561974
1.522352
1.695404
1.538491
1.520842
1.545280
1.471725
1.460392
1.559852
1.559199
1.578869
1.555867
1.400356
1.572155
1.508890
1.619730
1.701633
1.526325
1.546453
1.597552
0.693859
0.770914
0.621359
1.137812
1.537302
1.555747
1.402483
1.545491
1.413296
0.916227
1.190359
1.362976
1.444621
1.354655
1.547725
1.528896
1.444912
1.535356
1.538219
1.545298
1.403692
1.540130
1.555274
1.379606
1.561641
1.404287
1.550598
1.547150
1.366180
1.535014
1.384050
1.470391
1.388235
1.630005
1.538568
1.533334
1.363467
0.775448
0.530410
0.954921
1.795244
1.554882
1.369169
1.209087
1.539714
1.603564
1.501232
1.526908
1.429810
1.530730
1.592098
1.555020
1.512400
1.458971
1.424388
1.047164
0.467386
0.351167
0.466126
0.823955
1.545165
1.545878
1.517010
1.532806
1.539974
1.541074
1.545973
1.511554
1.545256
1.586269
1.361840
1.100924
1.364077
1.529259
1.527856
1.527579
1.659907
1.561956
1.660182
1.544102
1.623555
1.613237
1.870760
1.366394
1.538910
1.356967
1.539141
1.532469
1.366058
1.537518
1.525447
1.618967
1.635582
1.574743
1.537504
1.572999
1.650877
1.986172
1.620764
1.576005
1.631855
1.275007
1.561784
1.529891
1.537360
1.360714
1.536836
1.539779
1.582162
1.382431
1.528853
0.902432
0.468057
0.330627
0.483445
0.569079
0.551547
0.783142
1.406537
0.780427
0.437834
0.432243
0.649240
0.930857
1.513499
1.619377
1.613854
1.532426
1.533134
1.577431
0.941777
0.668570
0.368987
0.274155
0.274049
0.266385
0.272392
0.300068
0.378345
0.480613
0.614108
0.871265
1.292360
1.366679
1.563770
2.002692
1.532267
1.531321
1.365501
1.529228
1.552810
1.545139
1.644687
1.572584
1.383247
1.355460
1.535703
1.531614
1.548828
1.368743
1.363538
1.536166
1.374127
1.360866
1.534210
1.571009
1.410331
1.369732
1.365206
1.529834
1.361667
1.545047
1.542521
1.501988
0.911050
0.442860
0.734106
1.391359
1.530729
1.519184
1.368306
1.546663
1.370364
1.544215
0.765416
0.525147
0.727553
0.935134
1.484104
1.530914
1.360365
1.532453
1.527502
1.538872
1.529706
1.557553
1.575002
1.526002
1.517071
1.485561
1.381071
1.365481
1.546725
1.721707
1.392110
1.468311
1.563632
1.537447
1.580355
1.455154
1.361741
1.541376
1.627349
1.535547
1.523513
1.514037
1.528942
1.541120
1.522922
1.362127
1.583445
1.571470
1.558195
1.350360
1.538994
1.358880
1.528020
1.542445
1.364602
1.519474
1.366906
1.527569
1.566572
0.613627
0.370506
0.526535
0.721744
1.269870
1.532640
1.531787
1.533492
1.518527
1.528145
1.483699
1.546924
1.561057
1.571851
1.540470
1.540461
1.648819
1.482266
1.703125
1.561992
1.566557
0.602984
0.328802
0.400396
0.644122
1.331540
1.366623
1.520328
1.666478
0.700843
0.395456
0.572205
1.026713
1.537617
1.538818
1.543855
1.532334
1.552362
1.516992
1.557106
1.494074
1.364600
1.539238
1.544657
1.556797
rse = 1.382080
iterations : 1000