13.426998
13.058951
12.440522
12.330220
9.552742
14.689413
14.110792
8.072527
14.557949
14.899378
15.774809
15.305921
13.607872
15.332034
2.885628
6.906814
15.204115
15.040462
6.178583
13.837508
5.665330
6.779060
12.771433
8.215468
12.502314
6.542410
14.595891
10.497936
2.939964
2.981060
2.852284
2.836047
3.064160
3.099942
2.950086
3.308941
2.921799
2.832791
2.955631
2.815421
2.832864
2.898502
4.161052
5.165179
3.056901
3.235577
2.895238
2.884542
2.819228
2.845471
2.960363
2.820731
2.836856
3.702310
4.967789
5.781303
7.538573
7.388411
4.122205
3.677778
3.901527
5.413122
5.911354
4.307234
4.154281
6.173823
5.546835
7.716304
6.547517
6.299792
2.961901
3.777788
3.182901
3.015364
3.320220
3.263471
4.712218
5.575912
7.048717
7.045187
8.551079
6.382610
7.797355
4.515164
3.024576
2.890918
2.862274
2.867585
3.563164
5.439382
4.669531
3.458237
3.640607
3.340985
4.238264
4.248469
5.469677
5.508461
5.250466
6.416321
6.750982
6.192715
5.795245
4.451069
3.645808
4.932342
4.110612
5.313070
5.652958
5.990574
6.101114
7.976029
4.665831
5.588723
6.105973
6.433177
7.687557
8.466886
8.529879
9.640649
9.214974
8.844409
5.711365
3.225522
2.957004
2.841617
2.821687
2.849501
2.809058
2.831666
2.819648
2.859729
2.814169
2.832441
3.048427
3.811479
3.293360
3.596193
2.961813
2.932038
2.937876
3.227013
3.531715
4.036354
3.778418
2.865180
3.228305
2.807273
2.855164
2.871725
3.002955
3.489548
4.013854
5.083452
4.552637
4.103041
8.239443
4.744964
2.903733
4.826555
4.898018
5.627553
10.644843
6.993427
3.517417
3.092982
2.980995
3.322416
2.855494
2.963571
2.830275
2.916906
2.932386
2.867743
2.812408
3.051405
3.192562
3.208096
3.104151
2.836341
3.061744
2.857586
2.878430
2.910854
2.868480
2.867509
2.829737
3.026171
2.875492
2.795088
2.863809
3.546017
3.561795
3.890885
3.927347
4.836122
3.368465
2.840427
3.086472
3.070958
2.912387
3.324617
3.015393
3.091601
3.888521
4.679338
4.471266
4.772038
4.056085
3.948323
4.755366
3.063252
2.937254
3.010114
2.897254
3.637661
6.182810
5.202826
5.593673
6.228143
4.633318
4.747131
5.980378
6.002085
10.034459
11.644435
7.665340
8.555722
9.423794
7.561504
5.197856
4.835324
4.279047
5.292391
5.147574
7.757521
2.857362
5.422104
8.038131
7.974753
7.786391
11.951573
9.681862
9.251010
5.521348
5.743677
10.923658
6.712741
6.728414
4.095018
3.941260
15.015034
13.011378
9.079353
10.277326
10.611600
9.332138
8.663086
5.121122
4.796735
6.054501
5.822505
7.072928
10.472427
6.222396
6.236030
5.570013
3.961851
3.061165
3.035608
3.480570
5.633072
6.796754
7.406093
5.676453
5.876037
4.084005
6.285219
6.935115
6.951930
6.898646
6.210795
9.216721
12.283105
4.777925
4.191522
6.032202
4.337069
3.419193
3.544559
3.862281
3.902882
6.577747
10.381907
9.715903
14.545903
12.360183
3.108457
3.096848
3.968721
3.448673
2.853091
2.923886
2.855570
2.949371
2.881927
3.399043
3.713389
4.221187
3.424727
3.320841
2.972688
3.285774
3.687108
3.516186
4.572292
5.495839
5.173763
5.462822
5.512891
5.222152
4.111256
4.622607
4.654310
4.189127
5.296221
2.917947
3.737893
5.278000
5.350448
5.559062
5.627350
6.913870
7.373657
13.596936
12.073493
6.680556
7.337122
6.462465
7.776186
8.991200
6.163984
11.386401
9.105475
5.937585
7.289221
12.554450
9.180578
6.311935
8.090675
7.462719
11.877838
11.685845
10.619051
8.555632
9.311818
9.893616
8.490714
4.278459
3.467309
2.883248
2.949920
2.828213
2.846870
2.952816
3.824658
3.459728
2.859088
2.813768
2.870413
3.301835
3.408415
3.437106
3.207334
3.008509
2.905384
3.200014
2.917321
2.845099
2.831694
2.827955
2.888504
2.848802
2.832559
2.784305
2.909333
3.113532
3.234221
4.867776
6.968641
8.951360
5.976948
5.974664
8.893616
9.420230
4.095012
3.902960
7.125131
4.054729
2.830653
2.865857
2.842413
2.817011
3.038238
2.795764
4.826044
2.914922
2.792444
2.895198
2.878107
3.415077
5.098015
5.100674
5.692134
7.185287
4.132284
4.592301
8.371367
7.136559
12.351337
13.306504
8.062799
12.098116
9.780563
8.682354
4.039863
5.282007
9.761195
14.482774
10.111806
6.434497
7.240854
9.290928
5.682601
7.710244
5.557341
6.647634
5.522646
5.942986
3.968327
4.484912
2.875665
5.136835
7.592244
8.663093
4.979728
4.945540
10.226257
7.775930
6.323231
7.080374
6.705301
4.996420
8.713486
10.565399
9.212104
9.256547
11.404116
6.213919
6.733652
7.810150
5.808642
15.560771
12.363137
14.091081
12.625592
11.970627
7.044541
8.355671
3.519819
3.070684
2.892820
2.920700
2.819399
2.883969
2.821688
2.878044
3.001344
2.868906
2.857234
3.030450
2.884326
2.839589
2.878097
2.819554
2.799836
2.809716
2.857181
3.051482
2.880710
2.829971
2.920333
2.998292
2.812711
2.846079
2.926903
2.842542
2.860241
2.837258
2.855440
2.811713
2.833598
2.840744
2.888564
2.976857
2.810575
2.867265
2.960504
3.008527
3.279770
3.006903
2.874930
2.928573
2.852517
3.022192
3.017282
3.150357
3.039825
3.125343
3.401286
3.437989
2.954443
3.108914
3.125119
2.918834
2.839602
2.821055
2.905799
3.199629
2.867100
2.850726
3.643055
3.820304
3.403561
3.813264
3.789479
4.640617
4.235466
3.199767
3.706611
2.900572
2.934757
2.887031
3.502968
3.134954
2.837880
3.458688
3.092596
2.926646
3.159757
2.893579
3.240139
2.844040
2.934139
2.966754
3.039794
2.863358
2.860747
3.042237
3.134574
3.252907
9.410178
10.510798
6.188451
4.878513
13.128138
11.858426
5.598198
14.452782
12.596376
5.894890
8.193394
12.748870
12.642352
11.645547
9.171210
5.501881
6.535627
12.919412
13.321076
6.336672
5.974300
4.064192
2.993649
3.331300
2.930359
2.791316
2.864340
3.010397
2.920430
2.857360
2.986671
3.372059
3.635400
4.630249
4.294996
3.278129
2.879266
3.196409
3.545585
3.925119
4.228677
4.691346
6.347956
4.549737
5.265011
6.796634
6.432392
4.450136
4.355183
3.854546
3.762207
3.692649
5.680902
4.676565
4.092868
3.351957
5.103357
7.755273
7.854891
7.975494
10.319952
9.677771
7.476213
13.894078
13.547375
12.247141
14.065141
8.647665
6.188825
7.362781
11.606257
9.330599
8.155298
8.114953
4.347904
4.869546
10.018583
7.510793
6.514812
6.116093
3.070530
5.391369
7.516605
5.482302
5.813321
6.436164
7.269589
7.625771
11.030251
7.674890
8.995765
12.207782
6.316837
4.510188
3.980842
5.376507
11.431254
10.557277
11.731751
13.939405
14.507668
13.938105
7.898637
9.315463
9.355711
3.795705
2.973921
4.716441
8.924446
7.980153
3.217004
2.879650
2.870110
2.904445
3.318461
3.582184
3.502741
3.453623
4.026094
4.498283
4.855917
5.571748
5.897951
6.009325
5.086365
4.034834
3.106906
4.024635
4.551969
5.649701
5.578946
6.339063
6.525631
5.991628
7.195490
12.443210
7.060293
3.103915
6.011434
5.931279
5.551702
7.157689
8.015384
9.138769
12.109794
4.981814
7.983073
7.005650
4.428270
2.880666
3.518734
5.175521
5.102840
4.505951
4.336437
5.308831
5.729930
4.117966
4.078857
7.031197
5.666000
5.493999
8.663072
7.600350
8.400007
7.844078
5.600485
4.994924
5.029535
4.099156
2.898181
3.119345
3.538037
3.503053
5.256650
5.305850
3.425694
2.900027
3.042894
2.846242
3.393827
3.429592
2.848369
2.950668
2.928853
2.939346
2.848883
2.855150
3.137215
2.878264
2.847397
2.896382
2.847247
2.814402
3.109597
2.852356
2.853065
2.882001
2.839910
3.167200
3.296094
5.147743
4.228582
3.772900
6.251353
4.824934
4.006860
4.728962
4.634420
6.871664
6.687173
7.442828
6.562924
13.844637
7.672200
7.241032
9.655123
12.946963
14.163662
9.811717
4.765553
4.068316
2.983920
4.842799
3.981814
4.156095
6.347351
6.243308
5.399374
4.665410
3.134296
3.132308
4.145512
3.073909
3.772702
4.930842
5.059061
5.337219
3.927708
4.221916
6.364085
5.294756
4.425888
4.674997
5.159274
5.575241
5.795442
6.273817
4.411818
3.840462
4.110030
7.928977
8.855564
7.558086
8.709404
10.082166
3.482284
3.743060
7.754918
10.291882
5.195741
4.427086
6.494890
7.830109
9.915044
9.384693
8.024045
8.572460
9.198619
9.312559
9.506826
8.854254
4.616607
4.385763
7.633109
6.969796
5.485107
9.773053
14.258142
8.477298
3.829950
6.621894
9.588155
9.949393
8.045981
5.024317
4.796002
5.064939
4.182239
4.825576
6.005179
5.690839
4.086716
2.869484
2.906774
2.924814
2.897116
3.005877
2.917750
2.927143
3.025941
2.795334
2.844514
2.850329
2.940985
2.900113
2.996086
2.839636
2.851832
3.128270
2.847613
3.022256
3.071551
2.830927
2.808190
2.810682
2.877164
2.844430
2.838533
2.895349
2.926653
3.004037
2.875939
3.081965
2.967814
2.888625
2.975451
3.190412
2.857113
3.119306
3.099434
3.001769
2.846059
2.822687
2.829149
3.080826
2.872581
2.914875
2.941961
2.839312
2.794264
2.950738
2.872370
2.856608
3.002234
2.909972
2.873682
2.799356
2.891481
2.861571
3.127793
3.785901
3.463429
3.984272
4.139621
5.302631
8.075670
5.053700
2.868381
2.982955
5.192233
8.649053
7.438307
12.416821
11.363299
8.777069
2.973764
3.128753
3.311558
3.917562
4.960384
7.000869
8.800905
11.729146
6.450919
7.986219
7.899215
4.106509
3.812000
7.181668
15.631285
15.101945
9.937135
11.088635
7.084300
8.455252
5.315806
5.123953
9.340576
14.992758
12.994661
15.842790
13.961610
9.108272
10.408756
11.288804
13.486698
7.876030
6.927549
7.662061
7.653121
3.394674
6.510832
6.838340
4.499386
4.854837
6.778892
7.772101
3.393138
2.858430
2.896282
3.316681
5.522876
8.457252
8.139905
10.083527
11.759392
11.362091
10.105875
9.983341
11.402667
5.596018
3.648797
2.914706
3.785355
6.629201
11.094889
9.056876
9.621025
12.372059
12.312490
10.138017
9.228495
12.027361
5.599840
3.789533
4.178048
4.431005
3.705093
3.835917
rse = 1.761641
iterations_reached : 1000