16.924628
14.832663
13.136330
7.172083
20.600228
11.524612
5.745725
5.705618
18.674962
16.724451
8.894468
8.239991
20.268613
15.866752
16.424606
16.837286
15.932951
8.348624
9.718716
18.748959
15.469712
22.444771
21.210847
24.212289
23.635668
11.742199
13.801894
14.245438
16.230967
18.658213
15.062190
14.430480
17.316486
7.272261
6.336709
8.492632
8.166164
10.712398
7.863468
9.722612
14.474834
9.119467
9.906971
14.719374
12.144269
12.712326
8.672636
4.777911
4.723461
4.844661
4.644324
4.612204
4.774385
4.710651
6.681384
6.289550
4.727883
5.013003
7.864232
8.698459
12.277928
10.393164
6.269264
10.009067
16.163878
15.162352
8.812684
17.026146
6.685559
4.737266
5.129657
5.224034
5.358916
5.869297
4.578469
6.419075
6.990253
8.039443
12.444601
11.294955
10.595153
10.776690
23.192489
12.471012
9.704423
12.560219
12.188476
14.445624
16.329019
5.705138
5.879694
24.590527
16.981088
6.852810
6.679295
8.763355
8.226694
8.554379
5.228939
5.908618
7.635281
12.323088
11.120169
11.624787
14.514963
14.746716
8.157218
8.313073
9.203488
15.899177
14.930432
14.964347
8.283288
4.738127
4.567756
4.510343
4.767603
4.775587
5.701588
5.384591
6.604978
6.800370
10.865663
6.339264
8.297449
11.776371
7.406631
16.107331
14.713163
17.281823
12.111482
14.442213
14.381455
13.602521
19.201176
13.467855
13.374393
7.381477
4.939058
4.983535
11.364512
14.424681
10.061241
5.892973
6.383564
10.278349
7.751779
13.165985
15.804485
16.736331
7.940260
9.634282
8.124877
13.131245
6.644766
6.223389
13.907704
8.849618
8.782736
9.381585
12.382827
10.654687
10.266015
20.061852
15.337689
12.399077
8.051032
8.849942
8.398241
13.160611
6.774573
6.751755
9.182016
10.474307
13.225255
11.566419
22.489612
8.448356
16.834762
10.256876
9.116090
9.817756
10.496930
6.143264
6.033737
10.306323
9.915452
16.851413
16.018675
15.189670
22.770940
16.643665
5.546944
5.778025
7.770227
8.517982
8.042048
14.917936
14.371063
15.572774
7.137841
5.421781
11.878156
17.552639
8.512491
20.299504
15.703136
10.465912
18.571382
5.887995
6.609410
7.420763
8.241358
5.460549
4.666882
4.617251
6.918822
10.894096
12.787469
14.039689
7.621649
16.179740
9.522172
8.962745
9.653955
7.008020
5.240513
5.686287
7.292401
7.987200
15.603006
15.584000
17.260503
16.891437
8.804841
6.758606
9.607954
9.407040
7.545573
13.375995
14.521960
14.400173
18.100626
8.734616
8.182395
8.745034
7.366892
10.222759
10.586591
7.183659
7.357820
11.081280
8.712422
12.220891
11.334899
14.620765
25.054590
18.911034
15.791454
9.839201
10.641927
8.274159
19.908986
17.153968
13.632199
13.532412
10.587748
7.356416
10.650949
9.546038
6.227196
4.653226
4.566733
6.615348
10.232597
15.984094
16.541148
7.753593
19.907694
18.326867
11.801970
15.315468
21.910333
9.466955
6.875758
9.062585
5.509559
5.305457
9.006513
12.222420
11.644100
5.462618
5.101277
5.076201
5.255308
4.736155
4.631041
4.792308
5.178635
5.659071
8.915590
7.935464
4.743294
4.920229
5.136823
10.780715
15.998955
19.073971
14.617070
8.263505
7.160215
4.819046
5.189391
7.185430
4.814457
5.010828
9.932129
9.437231
14.486928
15.324090
22.961407
15.099843
13.635935
12.308953
6.106203
4.795434
4.949394
6.731919
7.340115
15.604504
13.901538
19.741519
14.218546
19.782137
16.199225
11.078256
14.182435
15.092431
14.713291
10.222069
13.195054
15.969538
8.718132
9.296418
10.257646
11.770692
10.562928
6.251016
4.886671
4.700212
6.645840
8.893764
16.159387
11.359465
7.797958
9.987107
10.782952
8.285592
14.346212
7.141338
5.460530
4.928172
4.658832
4.883680
4.670316
6.161363
9.757483
15.572870
20.296349
15.809784
13.167386
7.938232
8.958894
16.536491
10.603650
6.119618
6.452494
10.034294
9.191769
7.266445
8.413572
5.557315
6.171746
12.549774
17.160494
10.902934
7.932067
8.777935
11.392696
5.815375
6.219607
7.477146
6.918355
14.376123
15.710879
15.753345
14.192925
12.828891
16.444997
16.366746
13.040806
14.435507
10.359858
6.035694
5.928225
8.720367
12.428418
7.079215
14.773551
14.509408
8.223763
13.303771
6.654236
4.684480
5.188767
5.183863
4.789005
4.824872
4.658175
7.124290
10.471575
13.652695
21.952952
15.348254
11.304090
11.930351
6.492685
6.757062
9.181934
18.335751
20.329328
17.043468
13.525202
12.322162
5.777449
5.098282
16.715747
15.709051
14.004252
10.077509
9.937602
8.062054
4.915686
4.751720
4.754684
4.690417
4.679991
5.297348
7.276101
7.653759
7.921028
9.373158
12.182300
11.995469
14.081514
7.099496
4.740304
4.778934
6.364911
4.678321
4.873990
4.679273
4.639678
4.717238
4.757759
5.059480
4.948202
5.222081
4.729472
4.704754
4.679207
4.603231
4.771719
4.869000
4.885558
4.880749
4.651320
4.791819
4.809546
4.653460
4.834084
4.848116
4.744933
4.735661
4.753307
4.710624
4.630367
4.533804
4.677651
4.621811
4.727173
4.628188
4.855283
4.775738
4.838247
4.711254
4.686246
4.744090
15.844139
23.896581
23.338714
20.997118
16.098086
6.940147
6.608935
7.061467
7.301909
16.768322
11.752575
7.482945
5.530931
4.751880
4.752171
4.806235
4.704257
4.719315
4.702656
4.657443
4.649449
4.657145
4.991754
7.919776
7.365303
10.893911
8.578842
18.787232
14.068635
20.473383
15.285784
15.438337
9.541627
8.473985
11.560511
16.325836
15.072060
11.133762
5.262612
5.159408
4.640039
4.661047
4.723509
4.761268
7.102529
11.658751
8.351175
5.997740
5.676479
10.984628
14.184814
8.300048
5.929697
6.409125
14.990694
10.321188
15.126662
10.249251
15.961326
14.124848
18.123756
7.293387
10.954974
12.168325
13.694626
21.166075
10.088634
6.838706
6.919691
7.382900
16.963560
5.967285
5.439917
5.941632
4.735339
4.854012
4.624262
4.871360
5.123607
7.472273
10.831572
5.470380
4.799237
8.386623
8.457863
17.075266
16.071735
16.685857
6.439493
16.262808
16.082644
12.184146
5.369542
20.962850
20.103408
16.027076
13.290799
7.164170
15.043326
9.426788
5.046242
4.700544
5.753688
5.648731
9.468318
8.585089
8.688505
9.266178
9.307595
5.109416
4.757405
5.007116
8.321641
7.387084
6.372295
7.835218
7.526847
6.773111
5.446803
8.559337
9.220328
8.100897
5.990118
4.946452
5.436033
4.887580
4.759288
7.516868
7.484035
5.769945
6.515407
14.772212
16.834074
11.032138
7.015084
4.869739
4.758673
4.746174
4.692994
6.762083
6.753824
6.717200
6.787384
7.277242
10.286466
11.385538
6.684865
4.955243
4.967621
8.836901
8.582709
9.554483
10.712128
12.109856
12.391305
5.062641
6.749953
6.290177
10.352949
10.916946
10.322278
15.546159
15.158604
7.842691
8.103370
6.440048
7.007902
8.290098
5.065191
7.324644
11.144222
5.624431
5.433601
11.316253
7.796305
17.352800
11.072193
6.666168
7.959468
7.585450
5.007925
4.648573
4.910169
4.941613
5.589604
8.403620
9.792627
9.568611
7.133626
6.540644
13.233954
13.044348
7.999445
7.206045
8.898187
11.527325
8.501736
5.922257
9.874506
9.692627
6.250703
4.684604
4.643822
5.450741
8.130559
11.226093
11.323189
5.688741
5.856062
6.302613
5.379426
6.139748
10.815576
7.564149
5.878924
4.896389
4.906723
8.585026
14.006013
19.323417
16.033481
11.566048
13.066699
17.500758
9.823685
5.817552
4.707841
17.438894
15.092288
8.309555
13.019124
22.548555
17.297009
4.837211
4.672853
4.594594
4.725943
4.760271
5.436058
6.120787
5.948516
4.752336
4.830754
4.799442
5.033328
4.846989
4.682593
4.782069
4.657692
5.140714
5.271285
6.590463
5.783159
5.275008
6.452699
6.223262
8.327949
4.662477
6.335398
8.277632
12.188416
9.119804
17.943025
16.454616
8.216562
4.745556
11.097481
6.464762
13.583398
5.859394
5.209529
11.619424
11.343483
19.256100
10.594421
9.065339
17.006268
13.609838
12.271122
24.133308
14.640916
22.632780
14.402246
4.772345
8.532145
20.827266
17.565179
8.289134
9.172602
17.458500
18.279733
14.462322
19.370866
16.844317
6.060961
4.638592
4.625733
4.621378
6.088247
14.553250
12.319599
11.835823
10.371272
6.345574
4.717946
14.659968
16.398469
12.340414
12.198870
13.686675
5.714202
6.108358
4.746867
4.754659
4.818411
4.830415
4.959867
4.945709
5.028743
5.315435
6.560712
6.340949
6.842738
8.654697
8.962355
9.710008
10.305263
7.716461
8.870585
13.967283
16.297308
15.310617
9.797084
11.558068
6.604398
4.947771
4.962507
8.792146
7.054909
5.949894
5.646511
17.405114
12.539263
8.315934
15.985732
20.782144
19.224040
23.256359
7.530515
8.714856
8.598666
15.172500
17.001551
20.124658
14.238196
17.410266
13.703912
6.652623
7.794586
7.093658
8.487758
8.189920
5.270634
6.876980
6.565305
5.559078
4.722971
5.059854
7.208738
6.964421
10.151486
18.568940
7.277776
4.721583
4.842383
5.134557
4.653005
4.639425
4.790326
5.488322
9.717368
10.341441
9.809638
7.655625
15.240647
13.204670
11.162864
14.734613
19.132177
13.742207
6.371090
6.171297
14.466468
11.864920
10.221849
10.951514
10.947614
12.144462
5.773126
5.596933
9.325582
9.104827
15.862463
6.923178
5.139839
5.076631
5.632116
6.747488
9.665190
10.481949
8.374204
4.871869
5.302971
14.008650
5.108180
21.421029
11.702901
6.598239
23.317115
23.051346
19.821234
18.834251
23.788379
11.989666
4.701296
5.145587
4.642316
4.701020
4.689004
4.807199
4.772857
7.617411
6.652132
4.881595
5.315427
4.723272
4.794477
4.806455
4.879008
4.743234
4.909971
5.565888
7.408366
4.733623
9.484775
9.014121
5.386745
5.691826
4.908464
4.865700
4.758429
4.808662
4.775317
4.731376
4.784618
4.738810
4.711366
4.764641
5.503556
5.384389
4.728225
4.773142
4.750852
4.892371
4.901867
4.931821
4.897080
4.750906
4.878797
4.981705
4.933505
4.819967
4.684786
4.698464
5.024091
4.977362
5.507666
5.796033
6.997431
6.606915
7.141094
6.764402
7.405334
6.024892
5.780794
5.537516
6.031130
8.477417
10.613165
10.178877
10.288118
7.937081
5.020895
5.581434
6.997362
8.457491
5.351867
5.004476
5.912080
4.740901
4.773296
7.086013
9.902484
rse = 1.574358
iterations : 1000