9.309627
8.040710
9.351218
9.543511
6.751105
7.531002
7.197842
7.413822
6.637776
6.806383
6.866544
6.391018
6.191719
7.056029
7.172305
8.317804
6.664145
5.837550
5.849385
5.757074
6.267869
6.791229
8.128773
11.094708
6.768848
5.828890
5.685500
5.800881
5.708340
5.764443
5.699548
6.176180
9.616918
9.382815
6.641995
7.322549
10.013805
11.354062
8.872085
6.349504
5.710992
5.770406
5.746330
5.778657
7.887961
12.554186
16.178364
12.248401
12.957863
12.335750
15.569967
16.637034
22.149637
8.458457
16.644769
17.659560
19.554991
6.345063
5.472672
7.322121
10.967032
12.846998
8.529390
6.334582
5.561575
5.657879
9.346084
12.462139
19.496030
15.485895
12.658338
14.548081
9.753052
9.300620
20.140086
23.901354
16.219200
9.741461
7.937293
18.693608
14.058236
6.550048
7.005209
15.270302
20.544044
15.491028
13.334528
9.782658
21.573337
24.182246
8.627618
7.676734
16.141892
15.624143
8.723284
9.061195
9.803876
7.850430
7.100683
7.008522
14.153175
23.705264
23.668383
21.243894
8.627471
7.279315
8.037500
12.664823
24.704822
19.987695
19.064241
6.540403
6.606571
16.921690
22.881938
16.928326
6.941583
6.879780
10.305628
7.420140
8.459854
14.067253
26.639978
9.507124
10.245266
14.252774
15.845074
7.350135
5.574891
9.031275
15.565648
12.589990
17.674249
29.894610
18.777582
6.096721
5.543868
5.651985
5.929471
7.806955
8.820913
8.695831
7.286986
5.734966
6.049758
7.251947
5.617199
5.561663
5.595369
5.811786
6.581057
7.006848
13.480552
9.124372
5.689759
6.057214
5.609817
5.646061
6.622631
7.089171
5.866649
5.824141
5.729690
5.606259
5.694948
5.716377
5.814835
5.686510
5.788279
5.759374
6.005504
5.795765
6.006766
5.737717
5.686085
6.006515
7.206622
5.876807
7.709972
6.793607
7.009402
7.725997
10.130553
6.680885
10.652159
12.024038
6.599995
17.033198
21.399525
27.358549
15.470192
20.795467
21.916618
16.087963
6.895071
5.611932
6.072369
10.299299
10.756112
7.194148
7.470298
9.823064
15.105235
13.566806
11.122926
18.472300
13.409900
20.481074
13.121118
10.971646
8.702963
15.199013
8.134629
13.622864
6.237280
6.641878
9.444642
7.934152
10.136985
10.440078
20.333629
18.345265
8.656895
21.742422
17.782894
27.731067
16.580141
13.316936
11.175933
21.979448
9.607687
15.197068
15.652237
5.924489
5.692602
6.374756
7.981223
9.603927
9.424728
5.800736
6.317479
6.148002
6.009806
5.730322
5.848492
5.803161
5.679762
5.705299
7.462350
7.138580
6.216345
5.875448
8.094242
8.294760
13.527274
16.572723
11.843771
13.515686
6.513332
5.674517
5.812998
5.683297
5.698638
5.698820
5.830887
5.735013
5.683760
5.777234
5.710931
5.693087
7.137923
9.417249
19.278632
6.630450
6.536700
20.127185
18.780011
13.526619
8.294616
7.860101
7.087878
11.984042
16.649338
22.616382
16.115209
6.303766
5.827535
5.746230
5.679711
5.693787
5.801369
8.093862
5.967818
5.719980
5.669828
5.702829
6.848783
8.369867
8.015921
9.188463
10.950737
11.790816
7.540098
5.704726
5.690928
5.692161
5.837611
5.743122
5.672205
5.676757
5.676405
5.680576
5.739182
5.712611
5.725370
5.769836
5.846342
5.669762
5.718694
5.667174
5.686114
5.845146
5.803486
10.876903
23.519168
9.366400
11.864118
5.867175
19.188085
16.056172
8.216462
14.463574
14.974678
17.484151
16.933513
6.014789
5.712474
5.758771
5.727181
5.703338
7.209494
7.628466
7.668485
11.612503
14.469693
22.685411
9.631755
7.754626
6.127120
9.961499
15.019053
10.914462
12.318453
10.688088
6.081203
5.673852
5.718193
5.759596
5.721800
5.684889
5.677318
5.680679
5.669316
5.666433
5.629732
5.685912
5.705240
5.896685
6.344962
9.055012
9.661489
8.309084
10.742744
5.892314
5.681564
5.690893
6.472472
12.416211
10.793154
7.807766
8.988880
10.053175
6.511489
6.632406
6.600321
6.527990
11.969569
7.581851
5.704207
5.845943
5.692730
5.928335
6.517409
6.870849
16.790572
13.379787
13.989362
9.864518
10.293817
14.870977
10.840449
9.808672
8.622146
9.194997
8.948306
11.953173
17.755435
8.784403
7.839507
11.459970
11.326079
17.519965
8.000571
5.683127
5.602328
5.565481
5.595971
5.590673
6.161827
5.673049
5.621609
5.924621
5.817948
5.900162
5.771739
5.784539
5.778684
7.761095
5.909270
5.661489
5.809988
7.496887
5.991420
5.734680
6.007297
5.640561
5.675390
5.778766
5.869422
5.973834
5.807349
5.736338
6.267468
6.721835
5.739478
5.794864
5.808403
5.690254
5.741694
5.787694
6.113229
8.076153
5.759682
5.782157
6.982510
5.956077
5.701201
8.441041
13.588591
11.635858
8.785087
8.651659
6.318883
6.045909
8.988386
15.522817
14.216092
14.251260
16.897739
16.920245
8.736329
8.553950
8.081290
5.937468
6.451902
6.802902
6.664663
7.755359
8.961503
5.955295
5.704906
5.656983
5.679051
5.617439
5.851643
5.983933
9.082652
6.380805
5.694220
5.699088
5.663226
5.742492
5.670780
5.666088
5.675707
6.529961
10.304178
11.488605
16.277426
14.423410
7.311726
7.000744
7.730268
7.512860
8.946061
9.267860
11.954831
15.046984
14.848885
14.118518
20.478557
8.923598
26.874325
9.949352
8.693919
17.665375
11.455665
18.911962
12.694304
5.977008
5.672257
5.724485
5.719225
5.830796
5.811122
7.133447
6.992283
8.344137
9.164663
18.415439
7.177488
5.718745
6.150684
10.459726
10.659434
10.627211
7.973218
10.137217
7.976111
6.481964
9.079012
6.096936
5.654615
6.465143
10.630202
6.824149
6.252703
7.458302
17.357196
19.255945
23.113306
24.272957
18.582479
18.175002
14.809680
5.779991
6.344637
9.895316
5.874796
5.568566
5.667499
5.879865
5.593993
5.621079
5.604266
5.604850
5.600177
5.657369
5.567435
5.676990
7.278415
5.800277
5.948828
7.877978
15.091722
13.858142
9.030688
18.065964
18.443220
14.762124
12.586336
10.453342
14.959007
9.553662
14.037372
16.046974
17.387403
12.597343
13.840921
11.905634
11.883275
6.486867
6.833763
9.676258
8.407386
7.065299
14.713837
8.896413
12.689452
10.875390
13.702170
9.637559
9.144289
10.868870
5.860729
5.690225
5.751224
8.123615
8.304108
6.316652
5.753875
5.696281
5.766621
5.691969
5.788097
5.854431
6.144755
5.792713
5.958875
6.099623
9.340691
6.325740
5.665723
5.731625
6.541630
8.591276
8.732475
9.471688
6.407247
6.365322
7.653395
5.747618
5.802645
10.625779
8.423929
5.863756
5.707303
5.788938
10.310844
7.795550
8.001808
6.851422
5.678671
5.733525
5.727034
5.783653
7.512361
22.926062
24.164585
22.620279
18.617662
16.282823
23.949957
25.777413
28.013138
17.361302
17.555945
17.749259
15.079846
10.504546
15.281270
15.985609
10.310745
9.516575
5.859860
6.038657
10.308223
20.213810
20.546996
20.161022
28.286357
25.920784
9.299235
19.525768
21.240980
20.148607
9.144442
13.958349
8.673243
5.657463
5.602845
5.697018
10.737291
16.938249
14.307474
15.526222
20.509301
27.389733
8.770393
23.452247
9.059457
7.060964
22.593690
20.155382
8.451541
9.051435
10.876890
5.665679
5.691929
8.406044
14.338974
12.877063
7.760378
7.569808
11.751617
6.867470
6.734245
11.628330
9.057707
9.025769
10.560756
5.922284
5.683806
5.695201
5.669337
5.688789
5.671647
5.795578
8.180974
11.120818
11.965674
10.773223
9.976348
10.703969
9.507551
8.175005
8.205141
6.517822
10.161539
11.644230
14.315837
17.080212
13.002129
13.219796
6.097946
5.971101
14.567538
12.121933
5.866300
6.378823
7.825603
6.948404
10.379097
10.039872
6.305999
6.888691
9.726960
7.958800
9.802991
11.570635
8.352824
6.014141
6.808520
9.380489
10.883962
8.877619
7.837104
5.642709
5.607849
5.575400
5.587114
6.587086
6.427607
5.822783
5.580219
5.640466
8.988382
9.030542
8.584798
9.212021
11.891219
6.391094
6.658912
9.293905
7.096937
15.040398
7.815726
20.782217
16.812822
6.657200
5.676672
5.817409
11.072390
9.642798
9.458288
12.084126
6.857380
6.373092
14.329139
17.491755
7.212560
9.398002
20.166920
11.802662
5.655258
5.692496
5.656540
5.660640
5.759436
5.824377
5.742819
5.885928
5.816987
5.804594
5.964168
5.742617
5.763945
5.751748
5.652490
5.747165
5.739647
5.727469
5.731446
5.721865
5.704020
5.731017
5.664299
5.694363
6.363783
7.221857
10.492297
5.983031
6.052193
5.638185
5.648123
5.720919
5.573141
5.613575
5.620568
5.604103
5.584392
5.647279
5.692400
8.958571
19.806851
9.166024
22.950505
26.008199
24.484766
11.152551
7.215638
9.255526
16.202872
15.982035
15.312892
7.957086
5.481984
5.670158
11.500063
17.097307
8.565842
19.501829
12.325853
19.413832
16.414736
15.656982
13.459896
13.164730
8.303608
5.786396
6.076291
10.055391
13.159108
16.192908
7.452832
8.947093
8.557323
8.707364
10.423810
11.379494
9.499438
5.786940
6.320077
6.613860
6.975827
7.879935
6.725809
9.058745
13.887301
11.132079
8.334686
7.206670
9.159090
15.440052
11.615096
7.403246
7.389235
7.590670
5.736038
9.813934
12.975621
20.960701
7.060293
5.870035
6.212013
6.668942
6.502266
7.268185
6.701449
7.102006
5.961907
10.834599
11.045092
7.986181
12.297788
11.633506
9.637437
8.041306
6.603443
7.420526
6.835104
8.088345
9.449031
10.011035
8.918927
8.254608
15.112440
8.454483
10.098633
11.706398
6.769907
6.763945
11.993893
15.899333
9.387357
7.578405
5.841366
5.902665
7.124037
6.298918
6.573971
5.801784
5.788732
5.801485
5.836128
5.683430
5.862546
5.690901
5.654265
5.659424
5.709216
6.248983
6.401968
10.176414
8.541208
6.740251
6.285583
5.879871
5.620209
5.922242
11.924106
8.101055
5.775857
5.785448
5.974599
10.040260
16.587886
14.562768
7.610721
5.930694
5.684795
5.838044
6.575988
6.008811
5.851577
5.735703
5.677808
5.684987
6.229824
8.116882
11.858944
16.288179
9.312136
8.853364
10.632109
14.515999
10.275338
6.092730
5.679264
8.231202
7.900513
7.999711
10.569342
12.168545
9.405056
8.663017
8.227696
6.010326
6.277016
8.529407
8.427444
8.346729
10.735618
9.618251
7.937386
7.098619
6.557113
5.680297
5.753612
5.742728
5.732917
rse = 1.600550
iterations : 1000