4.189762
4.274747
4.318735
4.130802
3.882016
4.758819
6.360251
6.381136
6.524984
5.553246
7.833623
8.957863
8.008530
8.945510
12.731925
10.270506
7.252878
5.380266
7.003425
4.074566
3.698543
3.776815
5.004396
6.802159
7.182332
7.143175
6.918771
7.452483
7.612937
6.808152
4.913091
5.249362
9.201099
9.275327
7.632146
8.309862
12.435167
14.464270
12.864928
10.253071
8.904839
6.582898
7.347145
7.835666
6.796498
4.231889
4.215714
6.185041
7.750291
5.820977
5.880995
8.219464
4.814115
6.908637
17.799452
13.128860
3.654069
3.685009
3.705698
3.774366
3.791059
3.692796
3.821564
3.983989
5.026247
6.007988
5.595999
5.198242
5.549264
4.660407
7.026468
5.794738
6.205978
5.550576
5.991639
5.627450
3.768132
3.741537
3.701823
3.719918
3.710551
3.741994
3.819788
3.992872
4.064133
4.316155
4.210198
5.283927
5.001925
3.898328
4.118518
6.352191
6.144241
6.122460
4.345552
3.691063
3.782707
5.202389
5.456340
5.179855
4.044675
4.065716
4.632508
4.568544
4.316273
4.253105
5.796903
5.896343
5.872638
4.423346
3.913634
3.728443
3.814227
5.054079
5.309590
6.763313
7.225598
6.977409
4.885463
4.135455
4.309981
5.567628
5.429359
4.266761
3.768348
4.412629
4.332587
8.286605
8.049128
7.831808
8.394613
8.245827
4.783277
3.703164
3.989046
3.696728
3.688286
3.839721
4.994611
7.334660
8.041405
8.027006
11.365697
10.102817
12.114212
13.822424
8.144598
10.339905
5.749880
6.320039
6.927970
7.243462
9.503049
12.437366
14.789540
15.534061
16.259823
17.405503
13.129046
13.909488
5.447791
3.697411
3.792344
3.692070
3.708042
3.696285
3.722676
3.779257
3.754230
3.680548
3.963596
3.722670
3.727577
3.855292
3.864506
8.727315
6.545884
3.702813
3.873380
3.812302
3.807187
3.674501
3.737187
3.870348
3.737109
5.169311
9.874642
8.877720
6.992296
5.361615
4.167982
5.813699
18.724340
6.720842
17.570365
19.858076
8.050766
15.922390
17.003629
13.245860
11.479347
10.632149
15.776065
15.007768
4.896208
4.978579
11.044910
12.054398
5.661094
4.041963
3.699522
3.705998
3.764875
3.782016
3.694499
3.758384
3.688114
3.680200
3.768513
3.700279
5.251678
6.266158
5.745218
6.934607
7.929263
9.336662
7.142405
11.874087
10.747491
8.759405
13.916760
9.205687
8.093852
8.362546
8.570659
7.175770
7.416016
14.310043
17.188758
18.525826
17.999025
11.110430
9.005344
6.042732
5.918293
6.606251
7.479070
8.646348
9.831095
8.804283
10.782375
8.709918
9.652578
7.421305
5.411235
5.819289
10.541852
13.275975
9.819325
7.941321
8.878728
10.103927
7.394441
6.383922
6.906285
7.358432
4.923935
4.807611
8.347818
11.339216
8.550587
7.235864
8.042194
8.764104
8.762283
10.950444
18.188596
9.712006
11.207845
9.958246
10.057256
9.888309
11.487209
4.030254
3.890154
4.788637
3.775164
5.028635
4.305993
3.795688
3.694694
3.553169
3.715769
3.828771
6.637689
4.843489
3.740968
4.778622
4.162704
6.491837
8.614837
13.327202
10.959636
11.374045
5.413373
4.005151
3.751385
4.064731
4.381048
4.301437
4.434007
4.500345
4.593650
4.424827
3.810131
4.858510
4.303583
3.859248
5.191922
5.248377
8.053034
8.173139
7.567962
8.836213
6.788095
6.664515
6.565626
7.752732
9.777108
9.176378
10.233677
9.907724
10.985155
8.698819
8.654919
9.892395
10.049403
8.636201
10.284923
9.178354
12.045281
9.957100
9.667257
10.693193
5.598652
5.023060
5.507108
6.765077
9.523666
6.949952
6.683433
8.119602
12.706331
11.432880
11.519995
11.223139
11.100996
18.895297
9.179299
8.179354
10.907641
14.483381
5.394474
5.923083
8.588198
8.703096
7.066700
6.740076
8.607396
6.874117
5.842531
7.083733
8.582165
4.858609
17.728580
15.903359
6.856633
16.269735
14.781478
5.648253
3.783684
3.854885
3.776397
3.796465
3.750067
3.806930
4.100085
3.707070
3.727017
3.739300
3.701383
3.708186
3.842979
4.009576
3.799848
4.004940
4.533697
4.096648
3.706160
3.705655
3.715348
3.732095
3.711396
3.736309
3.738728
3.731471
3.695775
3.826262
3.961418
3.688670
3.810781
3.857445
3.825132
3.704669
3.690251
3.710989
3.723805
3.934870
3.701330
3.762419
4.218878
3.757346
3.827827
3.725268
4.047045
3.763783
3.697607
3.823178
3.823628
3.909147
3.821787
10.663337
4.960867
4.904477
3.961948
3.730367
3.704662
3.683447
3.660484
3.664800
3.615260
3.701067
3.570474
3.635820
4.621003
6.899301
7.428580
8.013065
5.823094
6.560754
8.395344
5.012211
4.436578
3.760650
3.815219
3.659170
3.804700
3.797861
3.700419
3.712119
3.698981
3.797779
3.784187
3.927792
3.776973
3.781500
3.750405
3.766688
3.925451
6.358876
4.957536
5.019422
4.580370
4.096321
3.783704
4.086061
4.213060
5.179419
4.033367
4.377993
4.404570
4.290275
4.749743
4.582208
4.539323
4.803290
4.976761
4.275544
5.318419
5.340844
4.529440
3.758248
4.168458
6.462538
6.816932
10.721793
7.791558
4.805890
4.807286
3.745867
3.711791
3.724460
4.229937
3.704336
3.687205
3.698115
3.666401
3.683921
3.709862
3.619778
12.751692
13.876251
7.402098
12.118307
7.602559
13.545170
8.468522
9.572649
7.654043
8.981176
13.272032
12.150410
18.747046
16.954209
10.925946
6.563801
14.562482
7.043838
7.751219
14.882565
14.675537
10.900506
11.373031
15.664848
13.790972
7.482390
8.406465
12.132465
12.554250
12.698556
5.950630
6.718478
7.607530
7.415320
10.665425
11.015281
6.862974
6.551672
5.113442
5.614998
5.119073
5.895918
5.609503
3.763794
3.769838
3.706370
3.881790
3.705989
3.789635
3.684099
3.709888
3.723843
3.738926
5.634410
5.608255
5.280459
9.539497
11.184202
15.841906
7.173488
8.720548
10.380036
17.162316
16.550818
8.943622
5.579699
12.460592
16.483789
12.481891
6.152234
6.377531
9.912152
5.825675
3.901627
4.035096
5.777454
5.942959
5.606909
6.782562
5.857386
5.764292
5.221419
5.501013
3.962372
5.816670
4.929894
3.970418
5.265362
4.539808
3.747383
3.697137
3.639932
3.625397
3.749954
3.824602
3.813428
3.783576
3.989868
3.674192
3.678136
3.685501
4.146100
3.796547
3.697214
3.657150
3.687184
3.690239
3.708779
3.733502
3.713323
3.777996
3.632015
3.672199
3.742403
3.626268
3.627243
3.621715
3.622916
3.667216
3.660521
3.654461
3.663711
3.773310
7.112963
6.766895
19.763022
17.573411
14.421277
10.738476
5.340798
3.703256
3.715093
3.714206
4.172688
3.642479
3.684541
3.757799
3.691152
3.808261
3.933914
5.550534
5.269337
5.309999
4.592229
4.166031
4.405228
5.809618
6.458537
7.491078
7.148873
20.046319
14.021573
12.127198
6.564041
12.824988
5.784513
6.976582
16.466586
11.750693
13.729316
8.481659
7.516334
8.694311
8.025856
6.798236
7.737162
6.783838
5.468541
4.569564
4.383666
4.045365
5.064282
4.029697
4.106039
4.781158
4.519433
4.910646
4.562346
4.749816
5.305116
4.964778
5.020762
8.823550
9.211230
8.503833
10.041818
9.213482
9.672249
11.278099
6.861733
4.081764
3.972416
3.758119
3.835902
4.043824
4.311254
4.568152
3.710877
3.949441
3.809323
3.886691
3.995288
5.345286
5.250708
4.298404
4.614722
4.759535
5.073467
4.819422
4.695136
5.948873
4.618333
3.737141
3.691949
3.968027
5.380676
5.997018
5.941623
8.669823
11.706778
13.063151
8.142763
7.051332
10.684027
10.092549
11.454318
11.763975
12.615769
14.479107
16.391373
12.088642
14.923752
16.992457
13.273990
16.188389
7.258706
15.561468
7.446143
9.145419
4.347626
5.902196
9.090082
5.790247
3.994784
5.477599
7.369094
9.257394
8.054632
8.448128
5.160917
4.468169
4.717925
5.174302
5.419816
5.781462
5.206887
7.606776
16.886417
16.061487
14.909327
16.280643
11.254816
4.463599
3.653097
3.754295
4.056963
4.448303
7.732862
9.617029
15.080699
11.128669
9.144012
12.643155
7.688439
7.827187
15.799129
11.036360
11.521855
10.749252
13.412680
6.580259
7.237640
9.288728
9.465868
14.414568
12.550353
11.531684
8.009017
4.873542
10.677320
15.500225
7.360186
6.628998
9.939796
5.829901
6.962814
11.717187
6.467403
6.752392
8.188475
4.247489
4.952455
7.632053
16.165394
10.306847
5.011942
5.525911
5.985631
6.705547
10.105436
9.009835
11.804439
9.455100
11.817181
17.812134
12.513222
12.432825
16.630222
13.951830
10.782350
14.442355
8.804777
10.783459
8.258431
5.106207
12.389913
10.359573
13.466759
13.062399
4.754550
3.855015
3.715280
3.684777
3.679996
3.686266
3.759324
3.714474
3.740846
4.431231
7.801786
8.966374
15.562361
13.380097
7.654118
10.275907
10.039805
3.730822
7.458729
12.052301
12.614987
15.356415
10.361896
16.440993
6.593322
7.350336
19.400048
13.314867
14.889033
18.897995
15.419038
9.102366
9.675906
17.661425
14.379141
6.239162
5.474023
8.632283
8.708634
7.382069
14.299111
18.678925
15.859989
13.697119
14.261854
7.561990
7.034359
7.239878
4.028796
8.489775
13.359933
12.789623
10.146381
16.777328
11.239962
5.465460
3.632391
3.840479
6.863996
11.223265
6.566288
7.754918
17.231626
14.792117
16.909827
17.097956
7.026306
7.047052
9.104988
10.656314
14.694143
11.838664
7.978147
13.177356
11.338138
15.412099
15.412114
8.535087
9.823358
17.779018
15.652827
15.084661
15.058240
7.436921
5.251533
4.739036
8.088564
10.657803
11.962087
3.690877
3.862068
3.782891
5.405132
3.692018
3.612892
3.754166
3.748037
6.427998
9.695683
10.710914
8.734614
8.748394
14.767481
15.653223
11.167632
12.046020
15.139551
6.637217
10.301482
7.553871
8.846776
15.998882
4.897257
3.643683
4.417338
4.965564
3.628004
3.818305
3.940645
3.656917
5.680808
7.935978
7.982724
10.518125
8.399772
16.609355
19.115049
15.904993
13.688852
15.967456
8.551555
5.750177
6.571212
15.837250
13.213944
8.737207
5.001084
13.641525
14.100738
18.657488
16.845953
20.909060
19.916693
15.610543
15.795229
15.517098
15.430487
7.035048
7.234821
15.835506
13.935649
8.452847
7.179068
14.005679
5.916550
5.547131
13.108391
8.298749
6.638143
8.150775
18.078192
21.646741
rse = 1.700981
iterations : 1000