2.158092
2.147406
2.214254
2.176743
2.144397
2.148519
2.183142
2.152820
2.207919
2.151655
11.492887
11.706526
5.182947
4.771492
7.729692
8.915984
2.424408
7.162422
5.939200
5.562312
5.131167
5.785097
9.593777
3.650552
2.874340
2.859608
3.470119
5.553278
4.796026
4.370803
4.241478
6.108032
5.263740
4.318835
5.237903
7.631287
7.888329
6.956721
6.013553
5.809061
5.822506
7.689576
7.828951
8.650930
11.563851
11.103149
10.875482
11.512169
10.373336
4.889195
3.378662
3.291921
6.113814
5.978382
10.806780
9.345223
10.962038
7.450754
8.139444
8.935709
5.722109
6.428505
8.345367
7.681869
9.587947
9.164350
10.189837
11.066383
11.717870
6.633832
8.899954
11.646482
10.491330
11.205281
11.091854
10.499162
10.908418
10.943066
10.557745
7.644454
10.231187
10.725069
11.678535
11.276503
10.870310
10.278230
5.592732
5.853380
9.096483
10.377899
7.799552
9.969294
9.743491
6.525984
8.200479
8.606187
8.706109
6.453342
4.853289
6.346030
11.566614
8.963175
7.081513
10.848387
11.156693
10.412120
6.329575
3.422369
2.648512
2.129888
2.114161
2.464400
2.760978
4.155916
8.586903
11.240871
11.037882
12.366278
9.819602
8.495235
10.071554
10.586741
11.020426
11.229290
12.058180
11.650390
12.432471
11.432806
11.615662
10.419335
11.068217
10.922862
6.866030
10.755844
11.757368
10.750514
10.789760
11.097037
11.211243
11.223881
11.446212
10.957616
10.764929
7.130982
9.920897
11.814098
10.449766
8.598799
10.664411
5.624334
11.517895
12.160584
7.344935
7.576134
10.877325
11.108952
11.308111
11.481739
11.301153
11.565031
11.030222
3.174543
6.367300
6.634886
2.487676
3.108302
4.824716
6.138877
9.418356
9.874755
10.575802
11.609303
10.525560
8.298280
9.033031
8.188728
3.911801
6.345225
5.153806
3.285464
2.591910
2.655232
3.768751
7.152713
4.954256
6.829444
6.882829
6.606454
4.634706
4.675268
8.353096
10.172463
9.774516
10.962647
11.037322
9.649132
11.171130
6.560273
6.399924
9.948897
11.432525
11.128694
10.548362
5.753781
2.367760
3.097489
6.780720
10.139950
11.822709
6.702860
2.413296
2.156286
2.133672
2.370256
2.162289
2.134564
2.135338
2.150631
2.114123
2.189002
2.112528
2.098124
2.117022
2.722798
2.780545
3.416933
2.588714
2.331206
2.526042
2.929397
3.216688
2.323064
2.800672
3.069448
2.452523
2.524205
3.626023
4.866834
4.425459
5.010415
5.474112
6.219830
5.627002
5.396784
3.265263
2.780028
3.861147
3.452941
4.828605
5.530302
6.564460
5.503288
2.589423
4.005083
7.692761
7.866066
11.318319
11.465616
11.081515
11.322904
11.461971
11.492860
11.687044
11.694386
9.718647
5.513499
3.135508
7.479085
10.722866
7.773359
8.258614
6.667075
9.710016
7.354231
8.048721
10.780553
9.786366
9.687758
10.374470
7.025190
5.675688
5.837662
6.025892
6.775918
7.696480
10.151254
11.866717
9.626239
9.024470
6.240165
5.524082
9.562382
11.294286
12.097932
9.814046
7.105931
6.263092
7.827039
10.678013
9.716047
8.783502
8.374612
8.922814
10.686266
10.031542
9.902651
14.031357
11.684661
11.378294
12.380286
10.854410
11.698941
10.945233
11.305462
11.329317
11.255268
11.537275
10.811697
10.492300
10.652356
8.678529
10.691717
11.195135
10.546301
2.469971
2.394071
4.338377
8.581083
10.540534
9.563803
10.918034
8.671956
12.119690
11.822620
7.623042
10.238850
8.092193
7.998284
11.361607
8.467590
4.163449
3.626149
4.015235
8.292568
5.360013
9.485681
9.670534
8.733667
9.256895
7.732301
8.813072
5.780425
6.321924
8.781225
7.512639
3.581851
2.284783
2.863906
3.196929
5.020556
7.375326
7.314197
5.645817
4.313766
3.376416
2.809189
2.383931
3.426074
5.437672
5.560728
7.167071
6.496375
5.546874
4.077204
4.612299
3.309700
2.625468
2.812804
4.555767
5.413061
6.572224
8.229822
3.120692
3.528893
5.065054
7.281715
8.102761
7.621142
7.225186
9.583239
10.026469
9.015596
8.126479
6.564582
2.956669
5.092520
7.231275
5.264295
7.155221
6.930686
8.199289
4.132200
2.190512
2.196380
2.213985
2.166632
2.145962
2.232377
2.258570
2.138021
2.185422
2.136238
2.193550
2.139590
2.144286
2.143578
2.142644
2.227093
2.725274
3.075994
3.848192
2.960485
2.371621
2.665056
2.433400
2.280588
2.756441
2.973333
2.465495
2.401688
3.127377
2.874943
2.285611
2.318678
2.206278
2.206288
2.165882
2.253408
2.137802
2.133246
2.546166
3.434284
5.036717
4.693174
3.385952
2.519191
2.492225
4.460703
6.184116
8.017201
2.146255
2.184007
2.247887
2.179699
4.528554
5.121185
4.882406
8.556428
6.006380
10.966144
11.084136
8.308571
11.242468
6.800140
11.004925
10.576407
10.119587
12.009199
8.443436
8.592537
8.363068
6.282823
7.638816
9.746904
7.916360
7.230640
7.643621
9.344383
9.393333
5.821764
6.666727
7.110890
4.143431
2.769290
2.388625
2.150027
2.160249
2.260671
2.521857
2.203359
2.156554
2.151735
2.139687
2.136659
2.331720
2.333055
2.177391
2.955252
2.947143
2.695222
2.314782
2.150383
2.438490
2.608223
3.401236
6.664419
5.642597
4.828851
4.405738
3.460351
4.041086
7.846165
8.332768
8.956346
11.279261
12.044346
10.249607
11.481222
12.037693
11.969561
10.326118
9.656025
9.443097
11.959532
11.838897
11.225275
10.096141
9.767979
11.631456
7.874424
5.775948
6.056188
10.630527
7.220724
7.416675
7.429158
9.874953
10.407035
12.176299
7.173215
8.028402
2.119679
2.105818
2.387061
3.281011
2.705167
3.388875
2.557481
2.519443
2.284634
2.959652
3.254783
2.139327
2.163377
2.146583
2.143307
2.223448
2.174682
2.156495
2.151462
2.261869
2.110680
2.277629
2.181295
2.139745
2.146422
2.140823
2.142317
2.074885
2.205906
2.129167
2.146667
2.184688
2.200212
2.251858
2.127100
2.137762
2.169615
2.263277
2.118787
2.136699
2.312542
2.158910
2.123918
2.111605
2.107146
2.133301
2.102803
2.192077
2.155751
2.143354
2.133343
2.230787
2.132224
2.139438
2.133560
2.432095
11.352712
11.962532
9.836628
11.720964
10.789390
11.203912
11.879564
9.146683
2.999975
7.906758
11.200796
9.605947
6.454242
6.976637
4.986831
2.491020
5.329630
11.238717
11.302244
10.474100
5.285178
11.492815
10.323568
11.614596
11.536225
11.850388
10.954530
5.976781
11.117750
11.155239
8.171615
4.885707
6.478676
10.750149
10.539789
11.611209
5.332520
11.157656
10.955518
12.158745
10.456447
7.992634
7.739572
11.457617
9.273350
9.934168
8.360597
5.981930
10.615090
8.431248
9.977078
11.424419
7.165510
8.159578
11.491781
8.963373
9.411543
8.607441
4.894534
6.498175
10.122989
10.266916
11.137521
12.146531
12.161229
11.054870
7.099435
2.337803
2.134602
2.090568
2.140392
2.150763
2.135599
2.177856
2.140499
2.092864
2.206336
2.141494
2.147040
2.602648
2.147012
2.146136
2.138584
2.156912
2.119571
2.216991
2.122540
2.110537
2.141520
2.091448
2.129747
2.136880
2.154272
2.153206
2.093531
2.092858
2.163732
2.419239
3.845078
4.959348
2.329571
2.136799
11.245333
10.657073
6.191220
11.423440
11.241928
10.835365
10.470420
11.549590
11.354185
10.720172
7.479596
4.998165
5.888305
11.289093
12.963017
10.128091
9.792077
11.624603
4.954511
11.282949
10.753445
11.913531
11.399319
12.082334
11.531021
11.814112
10.534065
6.671612
7.988277
10.813170
11.937549
10.655930
2.918102
4.362830
6.111833
4.669914
3.904302
2.152109
2.295860
2.135158
2.195039
2.093591
2.222461
4.024469
3.168040
3.616332
4.291259
7.241552
6.282488
10.668125
9.935481
7.364782
6.089708
10.024783
11.229387
9.295130
10.297490
11.461688
10.732866
10.983865
11.256093
8.155439
4.293923
3.394433
4.334770
9.603455
9.898547
11.391627
10.946443
11.620296
10.861489
10.729182
11.891539
8.632050
8.369030
10.159168
10.173234
10.785434
11.659096
10.188360
4.668778
5.816690
9.337089
6.342399
8.784076
10.002057
6.672842
9.648072
10.342503
11.099662
11.665620
10.783851
5.706744
3.954813
5.189975
6.349792
3.936673
4.862849
10.083463
10.861695
8.443778
5.659273
7.495836
9.782261
10.035232
8.361224
10.400350
11.720652
11.280470
12.360622
10.778393
9.743079
8.290048
10.824846
7.505648
10.659367
11.656088
9.773667
11.281446
13.982642
11.646863
10.899505
11.333677
10.260767
7.111786
4.748171
6.514960
9.254740
6.377128
10.315734
11.811325
11.212699
10.895212
10.720116
7.482225
10.250313
10.781180
10.684428
11.257745
10.630387
10.789973
7.864445
5.622546
6.502642
11.876766
10.278973
8.456897
10.501360
10.822522
9.482912
10.167037
8.915086
8.242732
9.382796
8.225590
8.297771
11.792552
11.638800
11.039927
10.696326
6.798485
6.806054
8.185935
6.904105
8.180997
4.972495
8.395905
7.097754
3.991386
3.036475
3.165666
2.925461
2.913607
4.998802
6.208467
10.542187
11.598697
11.614076
10.877352
8.782010
7.579746
6.249434
10.493173
5.476155
4.564507
6.435147
8.880604
3.605799
6.017770
6.053400
7.605278
11.880339
9.909314
9.572763
10.330331
10.811198
10.619617
10.695834
11.307014
6.063010
9.630555
5.493254
11.055152
11.701825
12.369883
11.775407
10.484863
11.864294
6.361765
7.522117
5.323684
6.946604
8.562474
10.813701
9.692493
10.285161
8.004531
9.615732
11.624069
11.291989
9.539403
10.027013
11.821954
9.651375
9.935954
11.254599
5.765879
9.355527
6.106396
7.973690
10.595099
6.248914
10.550366
11.816300
11.588641
11.295130
10.602126
9.406404
11.555001
11.744104
11.001353
11.402839
9.215938
10.621600
10.134254
11.642706
6.943359
5.757320
10.797610
11.668052
11.700462
11.192642
11.522153
12.154674
11.986731
10.893989
8.340691
10.517479
6.567217
7.980093
8.900631
8.489205
8.649396
10.158794
11.903733
11.668885
7.736700
10.337797
10.866847
10.184844
11.683955
11.486381
9.771253
11.634577
11.184894
6.718651
5.598850
9.851882
11.292265
11.023690
11.383829
10.339810
10.911446
9.304012
9.212451
7.480635
11.305364
10.789441
7.338598
9.873810
9.325247
11.079934
11.326420
10.352507
12.129169
11.124761
11.829749
2.216267
9.893920
11.009767
10.681170
10.555037
rse = 1.523097
iterations : 1000