6.434036
6.485471
5.637461
5.739072
7.387460
11.716505
9.491439
11.404355
10.711481
10.368316
13.348260
6.507096
5.620737
5.598194
5.567579
7.772980
9.488758
12.382465
14.770399
15.301615
15.262465
10.954367
6.647761
6.080951
8.544588
7.165453
8.511860
5.610154
5.574320
5.764301
10.713678
7.218371
6.757279
6.111355
6.812267
10.739099
6.893683
5.965748
5.682440
5.669735
6.898595
5.629436
6.340801
5.840303
5.576336
5.582516
5.600660
5.598676
5.572413
5.490251
5.573789
6.571086
8.732783
9.342911
8.421765
8.737507
17.131731
13.706402
5.899132
5.706632
5.739437
5.671174
5.993595
6.110074
6.181418
11.969618
19.816917
13.986305
19.996384
8.634570
8.053342
9.730229
14.709611
8.701283
7.360676
14.296931
16.882602
16.312837
10.490029
19.869049
11.960766
8.488384
14.691044
7.875013
10.264795
8.904007
7.479896
6.735881
7.920329
5.798117
5.645076
8.727848
10.073626
9.981728
8.728871
6.219146
6.238682
7.718403
5.567570
5.600673
5.463217
5.643902
5.649686
10.288001
14.328417
8.239257
6.508089
10.766094
12.171718
21.795112
11.405553
9.969040
18.434072
6.743789
6.844515
20.743926
13.650564
8.575233
7.577759
12.501130
15.512729
28.199138
17.455589
17.360845
22.908772
20.462034
15.174362
19.497795
25.837533
17.331535
11.607923
10.594773
12.283712
8.749077
12.403447
9.698488
9.349276
16.002546
15.657550
12.714592
13.879490
7.721441
5.512791
5.556792
8.144064
6.905753
6.182283
6.973804
11.458904
13.532976
25.325257
11.598983
5.694713
5.517817
7.039806
9.908503
11.709195
9.926945
12.231532
9.654671
6.371694
6.217290
6.773736
5.742582
5.623002
5.591619
5.593257
5.625930
5.456871
5.569302
5.897791
9.067248
8.285280
7.760722
9.731237
8.604494
5.643677
5.663900
5.587893
5.637104
5.813472
7.130948
8.335749
16.761092
15.253384
12.899657
23.665177
8.367145
20.681029
18.391194
14.538025
6.914076
8.294174
10.200064
10.479620
8.901260
19.500014
12.729831
8.011508
5.868150
5.933300
9.294187
8.279450
11.794256
10.550951
5.923866
5.970481
6.305461
6.225325
13.241457
12.530781
11.334689
15.238131
16.045294
12.053032
10.956602
12.183644
14.899596
12.017536
11.521993
9.785894
15.962899
7.256902
6.933051
7.553944
5.790589
6.113271
12.406920
12.756832
14.874143
7.337912
7.736683
10.117971
7.021169
16.661778
17.855713
11.672679
5.737246
5.962143
10.084457
16.880803
22.236072
14.439298
8.170541
8.917855
8.046472
8.051183
7.255090
5.688332
5.630189
5.835266
6.642962
5.794658
5.584321
5.668270
5.557930
5.587708
5.650658
5.617998
6.628409
5.963838
6.427639
5.864818
6.688877
5.891148
5.607072
6.657048
6.865667
8.158839
10.459072
12.703042
11.915652
7.216014
5.578414
5.683709
7.631735
10.004343
8.903622
11.130589
12.321279
13.878612
7.835149
5.623817
5.575420
9.890100
12.220416
14.733921
19.576369
9.757545
5.937616
6.866687
5.505373
5.653078
5.530506
5.620794
5.725717
5.623525
5.575502
5.519577
5.642872
5.661590
5.558037
5.618470
5.573543
5.553637
5.561989
5.664304
5.584888
5.482272
5.634033
5.691057
5.571853
5.696832
5.640789
5.545318
5.626312
5.620428
5.526634
5.575583
5.532372
5.576100
6.043027
5.657546
5.999193
7.971593
9.636525
11.443042
14.895697
10.043636
9.993462
10.898695
16.032028
14.322813
10.694097
11.301653
10.849856
18.013303
21.337333
15.751915
11.456772
13.964293
8.422450
10.154896
8.943673
5.749983
6.273810
7.947316
7.671625
7.360196
6.688426
7.399130
6.893192
6.733372
7.334325
6.781420
6.632745
5.757622
5.571330
5.521634
5.534213
5.658952
5.515763
5.494618
5.529606
5.633019
5.594327
5.569515
5.591213
5.723274
5.560583
5.630490
5.570346
5.700327
5.644639
5.604181
5.545284
5.516913
5.541451
5.612719
5.681921
5.610092
5.610914
5.556535
5.618079
5.638010
5.477946
5.628591
5.602398
5.708921
5.570387
5.576097
5.617037
5.662558
5.772390
5.599303
5.601342
5.599781
5.599842
5.588737
5.543472
5.633505
5.956785
6.408174
6.932732
5.952388
5.603420
5.887222
5.799858
7.436426
5.661219
5.559068
5.600604
5.891448
5.714176
5.595931
5.600113
5.552739
6.885453
13.621887
16.703947
8.832277
6.055091
6.657862
11.289077
12.522991
13.377104
6.239422
6.200714
12.265758
12.522927
11.803668
8.680527
6.179608
5.912502
5.611685
5.712933
9.601807
16.800859
6.657959
6.621057
12.200415
8.422771
10.208223
12.842380
12.223512
15.432916
9.075030
14.756180
9.265303
10.212608
11.086379
16.680064
19.628129
13.328153
15.979059
12.497244
9.533405
21.246270
13.419173
14.012436
7.899635
8.132699
14.525873
7.920942
8.224712
8.634379
8.338679
5.734689
5.868110
6.142551
5.543105
6.482097
8.861708
11.647631
7.231285
6.560596
9.378778
9.170084
8.349115
8.631513
5.581294
5.578616
5.733669
5.593043
5.576891
5.581808
5.576828
5.498394
6.867379
6.054028
5.957483
6.046191
5.679559
5.632791
5.775171
5.841365
5.683650
5.664836
5.544717
5.478463
5.525525
5.497054
5.612204
5.502738
5.464633
5.472495
5.571540
5.798997
5.649716
5.534382
5.527958
6.033220
6.569898
6.493598
10.906512
13.546309
16.569581
11.257829
11.299776
13.634767
18.895666
15.618857
19.559246
19.013289
11.051572
11.930700
19.763252
8.960425
8.552592
6.904336
6.993320
5.684359
6.399364
5.902324
6.134442
5.515119
5.601120
5.628671
5.626944
5.592589
5.609120
5.605117
5.607236
5.384847
5.574005
5.634563
5.567741
5.645219
5.545105
5.512873
5.595686
5.520654
5.490616
5.506022
5.468578
5.527691
5.510126
5.536238
5.384135
5.707607
5.512244
5.618554
5.676373
5.177914
5.622103
5.563107
6.169724
5.552840
5.634658
5.480474
5.715778
5.654961
5.515599
5.582750
5.619861
5.629053
5.599403
5.568185
5.639291
5.722124
5.600474
5.569275
5.611466
5.657212
5.714531
5.543346
5.634614
5.613461
5.588700
5.721581
5.494410
5.523123
7.234329
5.929394
5.639220
5.621882
5.700789
5.680267
5.818052
5.711104
5.676643
5.691604
5.712520
6.141117
6.943623
6.980263
6.768062
5.702390
6.133595
5.937372
5.720563
5.638554
6.098539
7.597279
9.094810
7.011173
6.109045
10.808375
10.245344
9.435829
13.437895
8.049348
7.792309
9.012926
9.487506
8.961210
7.921758
7.368766
8.176837
9.751000
6.935655
7.229560
7.944333
6.918083
23.037053
17.082062
11.628538
12.641487
10.617691
8.906929
6.604932
5.942372
5.627055
5.655522
6.021193
8.729601
9.392998
6.830708
6.626448
5.991817
8.331566
8.041821
7.265478
6.471343
7.607301
13.594811
14.620608
13.466180
18.449595
19.782917
17.595377
12.397217
14.600585
15.628674
16.634024
10.335623
10.269229
7.206295
6.665357
5.843840
6.246546
10.575323
9.893766
13.470649
6.626577
10.219763
17.358221
20.763328
7.132902
6.149495
8.449387
5.645205
5.952571
9.572509
8.250496
8.237507
10.023249
17.452540
21.670333
7.027706
5.616548
12.438668
13.190231
13.297536
17.762113
14.257553
12.672188
13.842583
17.996104
13.056360
5.814295
5.781653
7.396664
26.006255
15.323545
6.585878
7.026166
8.673127
9.125402
22.005468
21.535293
15.272337
6.679935
13.465794
20.684383
18.143728
17.400898
18.038287
7.158283
6.292435
8.343627
7.919517
16.584551
7.990408
7.920120
7.518588
14.350957
11.041570
13.277268
14.067191
5.524036
5.512555
5.962240
5.604582
5.987141
5.516717
5.629904
7.008521
8.272736
15.792583
15.307988
6.792366
5.589877
6.193768
11.813335
18.166775
7.508074
6.929375
12.190311
14.220173
9.729115
9.501664
8.135933
6.153413
5.697351
5.798054
5.975721
7.257637
7.197883
5.564106
6.082357
5.872199
6.283663
5.708806
5.697857
6.451937
7.817468
7.091307
5.789282
5.693091
5.716651
8.971126
11.824492
14.570440
10.098855
9.359517
14.507531
11.255788
7.941526
9.040778
9.972239
13.914811
8.857266
5.521490
5.589079
8.839649
5.734133
6.277880
5.898145
5.794213
6.191194
5.679391
5.605481
5.591060
5.775519
6.265507
6.729810
7.016573
6.753588
6.340174
5.843508
5.673154
7.530493
8.959565
11.196347
15.571407
10.450563
9.249856
5.691762
5.708705
5.868712
12.566751
17.369110
15.652950
18.752263
16.232248
21.948252
5.539247
5.903690
20.391456
24.241650
10.125645
5.545956
5.690685
7.323150
5.941818
6.654379
12.856334
10.666993
10.462337
12.506156
12.060257
12.301161
9.402803
15.430384
18.573759
14.785631
13.359105
13.208291
22.796016
12.036975
12.045830
7.122758
7.557792
7.836898
8.763047
17.492969
11.416909
7.259821
5.588500
5.633797
5.562019
5.768215
5.722530
5.625254
5.612365
6.459373
6.043479
7.960516
11.959140
11.753945
13.611085
19.668631
16.399513
16.079700
14.527848
5.914176
6.327832
8.464765
9.543487
15.286993
14.019563
20.606464
6.816096
5.549008
5.849620
13.582908
15.998315
12.704639
15.214824
14.701331
13.033251
9.980825
8.584386
12.536770
11.734336
5.544619
7.645346
8.048276
9.296318
9.674412
8.476612
13.083617
18.681504
16.064226
12.908298
9.917041
5.513137
5.694010
7.385621
8.544224
13.788253
13.123691
14.596929
15.393141
13.628259
9.802584
9.869050
11.551319
12.136707
11.307195
11.852651
6.224369
5.730635
5.587188
7.664453
7.134347
8.051688
7.203584
6.150244
6.013255
7.797768
8.143672
8.216713
7.919757
7.907692
6.840033
10.098814
8.995415
12.218975
9.980974
14.046556
13.931889
10.485007
6.132018
6.382348
6.761839
5.600412
5.615691
5.632651
5.928577
7.928153
6.709515
6.446536
10.809208
9.003678
9.617704
13.224933
11.196443
11.926664
20.796871
14.151111
10.147158
10.558486
11.962778
7.044348
6.813958
7.178280
6.672291
7.660855
7.613293
7.274628
5.749023
5.661007
5.708223
6.406500
5.636318
5.725232
6.056931
5.641972
5.995341
10.407861
11.068104
9.262258
9.429025
6.358130
5.825684
5.310015
10.220137
10.677226
12.591848
17.228213
12.397763
7.271291
9.824230
11.790108
8.412490
13.490209
10.592592
16.026805
9.488482
17.699826
7.031262
20.214911
21.984688
16.170053
14.137775
16.922627
16.421670
8.575628
17.838343
rse = 1.476792
iterations : 1000