1.497937
2.073867
1.489757
1.331697
0.671124
0.534531
0.919978
1.521919
1.526107
1.328339
1.324908
1.548569
1.521348
1.476251
1.339058
1.501187
1.596980
1.331749
1.368824
1.491409
1.522327
1.510677
1.338205
1.575354
0.942432
0.525636
0.829448
1.489158
1.498051
1.341224
1.434879
1.498365
1.528150
1.501360
1.500617
0.808878
0.942014
1.361058
1.493642
1.351314
1.469664
1.386381
1.497864
1.497165
1.408145
1.606709
1.563064
1.509827
1.759397
1.524829
1.502827
1.353800
1.520973
0.931166
0.477142
0.322322
0.345228
0.360087
0.411637
0.348225
0.267810
0.263685
0.278938
0.266205
0.270655
0.268102
0.310769
0.373980
0.428517
0.619695
0.590322
0.749401
1.111377
0.655085
0.427741
0.375147
0.265896
0.268115
0.265728
0.262697
0.262805
0.315289
0.416151
0.460140
0.427955
0.518045
0.376507
0.287265
0.285050
0.304260
0.328786
0.325118
0.375625
0.373287
0.299042
0.265372
0.269098
0.265141
0.268803
0.267227
0.314811
0.310107
0.322444
0.314319
0.318478
0.322824
0.360542
0.386132
0.371358
0.436056
0.578765
0.433033
0.414086
0.316895
0.319676
0.335423
0.372199
0.422732
0.363936
0.291688
0.264963
0.297352
0.271451
0.266159
0.266996
0.270296
0.264190
0.267690
0.267097
0.288377
0.326278
0.294568
0.341825
0.412216
0.391089
0.292027
0.299119
0.367094
0.462238
0.478434
0.456584
0.384660
0.420756
0.673068
0.515273
0.569797
0.432327
0.499340
0.377541
0.386711
0.438003
0.340656
0.318392
0.356792
0.316295
0.268881
0.266810
0.303916
0.330762
0.285387
0.270265
0.267898
0.265833
0.265955
0.266433
0.266178
0.266562
0.268064
0.264676
0.269544
0.265523
0.269027
0.265185
0.269092
0.267272
0.267559
0.265383
0.265124
0.267601
0.267471
0.266561
0.268104
0.263836
0.266713
0.266068
0.266923
0.268153
0.265595
0.267658
0.284900
0.357814
0.541201
0.266321
0.269315
0.402302
0.518215
0.353540
0.436140
0.377573
0.378258
0.268358
0.263633
0.267343
0.278646
0.475946
0.311428
0.267428
0.276599
0.267369
0.267501
0.266102
0.269511
0.267235
0.266180
0.267706
0.266170
0.266009
0.269322
0.267153
0.267117
0.265292
0.264752
0.267709
0.264435
0.310574
0.267153
0.264582
0.266744
0.275057
0.264801
0.265548
0.265410
0.267858
0.280725
0.265665
0.268418
0.274846
0.268422
0.305020
0.348659
0.376834
0.344825
0.409912
0.321755
0.290517
0.310128
0.362142
0.471362
0.597070
0.423798
1.138015
1.068541
0.773627
0.628460
0.550450
0.479449
0.417389
0.381478
0.264860
0.267355
0.266380
0.287257
0.268023
0.266757
0.265513
0.264167
0.264812
0.265281
0.286996
0.312269
0.357399
0.315160
0.267658
0.267224
0.276648
0.263691
0.266211
0.320453
0.376117
0.413297
0.392923
0.480865
0.458473
0.415481
0.311573
0.373643
0.402489
0.291351
0.319539
0.399731
0.303818
0.322735
0.364306
0.463625
0.347749
0.277761
0.266795
0.285130
0.266582
0.268812
0.268076
0.269701
0.265661
0.266213
0.265931
0.274857
0.320641
0.317331
0.397074
0.464613
0.508189
0.535489
0.600655
0.729189
1.162671
1.588355
1.654246
1.528685
1.555408
1.328314
0.877983
0.824452
0.811492
0.864897
0.881049
0.648770
0.626382
0.505396
0.513018
0.336778
0.270153
0.332052
0.375100
0.389697
0.327102
0.392204
0.467154
0.494100
0.523106
0.679365
0.388532
0.380282
0.434925
0.410532
0.523117
0.690199
0.472539
0.629533
0.643194
0.517044
0.536760
0.563311
1.072505
1.090559
0.546153
0.362242
0.477063
0.685716
0.944930
0.971409
0.873723
1.536529
0.872521
1.563029
0.966639
1.470127
1.492664
1.505738
1.355346
1.507040
1.642117
1.364190
1.045854
1.495365
1.709428
1.502961
1.500114
1.499379
1.517811
1.481510
1.220642
1.333261
1.396323
1.490673
1.334427
1.532381
1.510210
1.502492
1.492003
1.604106
1.569751
1.491533
1.328528
1.338156
1.646174
1.585080
1.501937
1.497923
1.334552
1.535199
1.517202
1.334859
1.337966
1.501170
1.367122
1.554623
1.527780
1.336082
1.516063
1.586870
1.505949
1.343278
1.403398
1.503837
1.500807
1.522810
1.524159
1.343736
1.326204
1.524766
1.497209
1.494910
1.652685
1.520697
1.343516
1.499271
1.522696
1.504690
1.336227
1.512500
1.507822
1.478674
1.322995
1.348463
1.525283
1.575764
1.495052
1.515426
1.388842
1.523212
1.445938
1.497170
1.546974
1.505665
1.502467
1.240545
0.543893
0.761519
1.497117
1.509382
1.537139
0.871618
0.929681
0.460699
0.512383
0.429120
0.377323
0.270215
0.265408
0.275719
0.363336
0.506551
0.611158
0.674413
0.813110
0.739916
0.620116
0.412297
0.288907
0.264722
0.266832
0.266607
0.270105
0.308029
0.374289
0.439850
0.545985
0.394065
0.320063
0.350150
0.385943
0.363910
0.439657
0.549952
0.413880
0.417371
0.453960
0.397962
0.362207
0.279220
0.328788
0.401768
0.406827
0.292712
0.307731
0.393837
0.405550
0.424902
0.484279
0.410126
0.343153
0.267149
0.295442
0.338808
0.269720
0.282166
0.349637
0.294065
0.267172
0.315245
0.301149
0.265601
0.315057
0.384658
0.474142
0.389319
0.344869
0.384044
0.267273
0.310072
0.311714
0.272799
0.318018
0.518638
0.500119
0.364092
0.273576
0.268818
0.274463
0.286251
0.333012
0.454371
0.449548
0.506607
0.412561
0.401486
0.356587
0.299620
0.353962
0.386311
0.285001
0.344565
0.396147
0.305723
0.342609
0.391481
0.428959
0.365723
0.466110
0.353520
0.382820
0.416485
0.367037
0.416706
0.462564
0.344440
0.265234
0.318366
0.278194
0.313005
0.293816
0.283825
0.268491
0.266784
0.268866
0.263255
0.288485
0.312943
0.350479
0.438299
0.399670
0.577216
0.446998
0.656634
0.669309
0.899333
1.055137
1.335628
1.046960
1.318615
1.298424
1.337695
1.325953
0.824864
0.640301
0.396311
0.316697
0.374632
0.298110
0.340241
0.460319
0.651269
0.996040
1.347859
1.490861
1.492894
1.299924
1.164432
1.112630
0.850682
0.827080
0.655264
0.721104
0.778126
0.768492
0.706568
0.821959
1.097371
1.194012
1.340992
1.342095
1.513988
1.309797
1.054920
1.104199
0.907787
1.332989
0.991635
0.960784
0.829525
0.826592
1.198261
1.077627
0.664154
0.842392
0.942063
0.840225
0.864826
1.137415
1.454996
1.383376
1.268705
1.456401
1.463922
0.776697
0.711636
0.983816
0.959829
1.276082
1.359861
1.573672
1.539214
1.509202
1.439315
1.399947
1.581878
1.530794
1.507204
1.345942
1.437845
1.529773
1.495547
1.521718
1.322972
1.354341
1.504213
1.435331
1.461609
1.517303
1.450534
1.147499
0.899988
1.474106
1.523438
1.534676
1.509278
1.494933
1.519342
1.544952
1.544625
1.348915
1.034691
1.495227
1.471381
1.528481
1.523078
1.579714
1.529402
1.590843
1.508025
1.532768
0.966295
0.627131
0.562024
1.125416
1.317879
1.633266
1.332865
1.506633
1.510085
1.493035
1.501315
1.635773
1.523727
1.531211
1.671346
1.336563
1.505871
1.524401
1.530182
0.759629
1.503229
1.492139
1.319375
1.512539
1.334983
1.498323
1.351751
1.326263
1.324870
1.343825
1.518233
1.533292
1.351503
1.421585
1.349728
1.656658
1.525553
1.498704
1.514135
1.508328
1.580637
1.592154
1.508626
1.608055
1.496245
1.517807
1.517734
1.506266
1.517502
1.544034
1.553599
1.481967
1.370906
1.493320
1.551166
1.531467
1.509267
1.529063
1.520120
1.676128
1.502471
1.482683
1.481087
1.483858
1.594864
1.532450
1.407556
1.519432
1.492526
1.515242
1.495519
1.508772
1.504983
1.378160
0.566070
0.437367
0.767099
1.327652
1.531905
2.278285
1.431073
1.521779
1.492140
1.429081
1.506151
1.523624
1.511449
1.506423
1.498009
1.497824
1.324134
1.510316
1.385467
1.504723
1.342746
1.322031
1.503151
1.526643
1.526202
1.416642
1.433711
1.515425
1.580311
1.654251
1.457426
1.505942
1.506174
1.380739
1.558151
1.439447
1.521831
1.525298
1.604618
1.531100
1.453944
1.602502
1.312476
1.534271
1.495984
1.641451
1.530905
0.708271
0.661884
1.190588
1.603824
1.506142
1.487451
1.492785
1.588516
1.517531
1.529839
1.519542
1.348939
1.507647
1.517742
1.549120
1.354708
1.489371
1.520309
1.497854
1.470689
1.568180
1.489273
1.487204
1.321367
1.503803
1.384173
0.987772
1.497177
1.345197
1.496206
1.500951
1.333201
1.487678
1.504671
1.520958
1.621867
1.534875
1.361054
1.330568
1.493538
1.357995
1.486133
1.499771
1.520690
1.579196
1.446243
1.520678
1.417567
1.354064
1.388632
1.520257
1.466294
1.518320
1.136805
1.528403
1.374557
1.494489
1.494036
1.506554
1.331182
1.556754
1.521849
1.512505
1.511840
1.697026
1.513862
1.008630
0.882366
0.796734
0.423496
0.447015
0.739797
1.137183
1.135982
1.291104
1.342703
1.378848
1.048355
1.325157
1.484985
1.486980
0.645431
0.342508
0.265978
0.271588
0.328125
0.362406
0.412478
0.427362
0.593094
0.534079
0.599920
0.699749
0.636960
0.685630
0.734825
0.516381
0.362917
0.433251
0.517177
0.348840
0.452778
0.467330
0.797974
0.462839
0.660646
0.715717
0.746947
0.726762
0.609839
0.599788
0.522266
0.608120
0.651967
0.426740
0.500182
0.582027
0.858239
0.678702
0.844814
1.146138
0.803180
0.868417
1.069462
1.010932
0.958120
1.279427
1.361177
1.305963
1.281904
1.422403
1.566337
1.397296
0.313400
1.509546
1.501840
1.399557
1.259043
1.342855
1.332350
1.445489
1.588604
1.467368
1.559112
1.693405
1.412479
1.074473
0.447045
1.206144
1.188880
1.555118
1.451785
1.514319
1.425605
1.522881
1.498944
1.486651
1.508418
1.514576
1.549590
1.330822
1.509069
1.538203
1.624722
1.320359
1.400157
1.513488
1.596571
1.048438
1.515412
1.502031
1.520474
1.546198
1.349045
0.269051
0.263847
0.266478
0.271255
0.265875
0.268114
0.320950
0.275226
0.351067
0.285220
0.266028
0.265233
0.261020
0.265881
0.267981
0.288242
0.266144
0.267898
0.267383
0.266512
0.269418
0.268257
0.265876
0.266414
0.267951
rse = 1.915216
iterations : 1000