19.426936
19.165517
17.525315
17.676117
27.517796
20.983419
18.626812
17.814424
17.866910
17.991813
18.353080
18.546361
17.770801
18.029737
17.994836
18.934414
18.061068
17.977196
19.258932
17.723372
18.093993
17.361342
24.497249
20.081939
21.196064
29.182549
31.230857
28.854007
23.052754
19.113874
32.790663
20.855548
17.946317
17.791477
17.981729
17.986946
18.086486
18.018118
17.939461
17.966516
18.103600
17.977908
17.986950
18.002300
17.910464
17.798310
17.755107
18.221080
24.131298
18.308788
17.539980
17.683146
17.728165
18.152434
21.099986
20.658292
18.182987
20.241891
18.042351
17.426678
17.621695
19.868071
17.701474
17.896155
19.346544
18.040094
18.920049
19.793509
17.501781
17.633862
17.793835
17.751855
17.615019
17.872441
18.613317
17.774476
18.020340
18.073168
18.162695
18.008901
17.885101
17.963479
17.764255
18.106528
17.691012
17.591228
20.492708
21.326140
17.452029
20.777530
19.255258
18.400679
19.195771
17.437549
17.473376
17.329381
17.856561
17.602709
18.842012
17.760568
18.453971
18.491782
17.611130
18.071741
17.670277
20.080502
23.655241
26.480635
17.114316
17.500318
17.324081
19.823184
20.451102
17.309183
17.244382
17.458370
17.077899
17.376748
17.300629
17.575176
17.177301
17.386100
21.443490
19.674876
17.347570
17.053251
19.969009
19.658935
17.591160
17.466477
17.259605
18.261625
17.313322
17.482613
18.410024
17.421448
17.424638
17.403463
21.519323
17.825253
17.854504
17.265670
17.363694
17.662769
17.509857
17.234054
18.945084
18.756710
17.570001
17.577235
17.821228
17.603841
17.628412
17.115927
17.563356
17.714898
17.663863
17.162182
17.401696
17.597800
19.359026
17.783990
17.883800
17.603456
19.255417
18.384671
17.665987
17.858850
18.029316
25.016783
24.721256
39.635377
19.209366
17.774399
17.639819
20.935719
30.613124
17.591695
17.601848
17.490434
17.676103
17.834895
20.549294
17.635002
17.609680
17.769054
17.962581
17.738749
18.047841
17.605542
19.381988
18.972762
17.791078
17.572056
17.644460
17.537779
17.634174
17.763379
17.602259
17.723060
18.495591
17.727422
17.583301
17.356993
17.191545
17.656008
17.695579
17.392334
17.732438
19.925099
18.793443
18.273901
19.904535
18.738251
17.622760
17.448763
17.315491
17.338126
17.480045
17.595427
17.574071
17.588441
rse = 0.998861
iterations : 221
