25.718973
36.164101
25.709131
10.159881
9.971149
9.554130
8.024418
8.527349
8.990062
8.361064
7.936380
14.853982
13.450814
8.857411
7.798601
7.780895
7.927363
12.168470
12.475022
8.408564
10.420692
9.461698
7.790316
7.986166
8.393177
7.872131
18.256402
19.520266
14.892564
13.821576
11.957340
9.917989
10.623190
14.373432
17.374978
15.001753
11.162649
14.796608
17.294127
26.940793
9.645485
9.227015
24.104121
33.046954
31.799597
11.098196
20.003335
17.408682
13.526088
15.133960
13.071346
7.885183
7.712581
8.802857
7.750687
7.833440
10.517481
9.571210
12.188177
18.993046
11.328097
10.555906
14.469976
8.804078
11.286443
11.090022
9.464419
8.221159
9.206113
9.275406
13.136892
13.893057
10.687157
13.041895
11.804642
30.080718
21.546646
10.153673
8.903402
7.669660
7.998594
8.101280
7.917666
7.999008
7.974521
9.440129
10.564488
18.732279
15.674407
12.270120
16.178323
15.294594
13.889263
9.890305
8.725242
7.915351
8.614588
13.765608
21.817258
20.853645
18.561348
14.641599
20.559583
22.415198
8.571515
8.663426
8.579607
8.344178
7.877257
7.761783
7.877992
11.283207
25.349751
29.644593
19.055206
20.194681
11.915748
10.404654
19.868481
14.401951
15.423691
23.214256
7.907685
8.718284
11.744444
12.759523
22.924006
20.283183
10.412208
27.749861
17.340676
12.769882
10.052357
8.486003
7.857544
7.872087
9.383132
9.101051
9.402956
18.567418
23.095364
27.044530
27.904110
22.821973
9.758831
8.032066
9.736204
9.582341
10.289068
15.769207
8.753252
9.104179
11.423718
11.109425
14.944439
21.039854
13.531788
10.812400
8.801680
9.956232
24.578695
18.619921
12.431123
8.543845
7.645748
7.664594
7.808118
9.822890
20.598273
20.388448
12.945970
9.370919
10.019075
10.107730
7.804253
7.579753
9.888703
13.760042
11.847560
8.723112
7.887468
7.847808
7.957130
8.008670
7.943635
7.990670
8.089958
8.617335
7.987646
9.304278
7.994019
8.389723
9.508237
9.731616
10.081512
8.643285
11.008651
18.955059
9.437741
9.716078
17.304777
12.769120
15.711408
16.284736
9.347779
8.204756
8.010755
8.677445
8.277628
12.859897
16.273673
12.345098
9.974361
8.741609
12.191143
10.910863
10.966811
9.646611
9.198015
11.659803
9.581594
8.343160
8.260674
8.286340
8.560268
8.195570
7.976564
9.675148
8.564001
8.650364
8.274297
7.987666
8.135291
8.052090
8.298128
8.830209
12.467017
11.979492
12.960776
10.052246
8.145803
8.774288
12.577880
13.406744
10.777816
10.635868
8.270223
8.067035
8.052477
9.997739
9.820352
10.072406
12.419097
10.355793
13.718931
11.583322
10.961865
15.003809
12.579577
17.537455
13.179728
8.000465
7.901733
7.974406
14.324254
22.620255
15.650583
16.399204
12.762654
12.573967
13.158646
10.057260
9.276336
9.157781
9.254338
10.258470
8.974884
10.185208
9.136381
8.649646
9.120128
12.803443
13.446260
15.647614
9.743618
10.115209
12.732550
15.643503
14.266710
10.521617
8.711976
19.750483
9.778401
16.606747
12.670415
22.587708
12.408725
13.713395
17.358285
12.321202
10.251710
9.311635
10.958622
12.947501
11.067128
8.090195
8.742830
9.289398
7.980131
8.051640
7.824820
10.017361
9.212012
11.908774
17.308277
18.620883
8.127596
8.121199
8.035414
7.953509
8.016270
7.991040
7.928355
7.969002
7.930622
7.970314
8.087053
8.060670
8.246981
13.290291
13.346433
10.166462
9.293495
7.989034
8.032340
7.983287
7.990989
8.032510
7.969159
7.916284
8.158241
7.988003
7.908072
8.065700
8.028363
8.075202
7.987332
8.014019
8.213752
8.138213
9.840851
11.387490
8.156740
8.426813
8.085180
7.983622
7.963966
7.945962
7.995087
8.025379
7.953014
8.144072
8.185038
8.005784
10.438910
9.799732
7.995385
8.017848
7.906450
8.027330
7.884175
7.917194
7.967049
7.953260
8.117114
9.550258
8.229998
8.368199
8.142542
7.920143
8.031800
7.944572
8.017793
7.967941
8.037726
8.087002
8.049826
8.098929
8.055419
7.970431
7.891765
8.110752
7.990102
8.029023
8.040452
8.061892
8.092920
7.986111
8.044933
7.974648
7.813324
7.845071
8.148124
8.123780
7.992935
8.145254
7.914072
10.232942
8.231804
8.067452
7.973285
8.071846
7.993193
8.106463
7.920721
8.092925
7.994446
8.158825
7.911575
7.902401
7.755916
7.935712
24.523081
20.616321
16.417097
11.806501
23.093389
13.135387
23.055233
8.194016
27.344476
17.796297
7.950109
7.877049
8.181571
8.457489
9.774675
9.336062
8.012297
7.742646
8.020615
10.879899
9.669732
8.182684
9.479339
10.566600
8.207829
12.138012
17.522510
14.136398
8.917649
9.349845
7.958244
7.816926
7.846144
7.833753
8.922446
7.841084
7.969108
7.867820
7.817971
7.903001
7.988464
7.908484
8.014794
7.998237
8.004823
7.982212
7.965884
8.136552
8.012523
8.741943
9.565679
9.326025
9.003336
8.023606
7.970207
7.974156
8.197789
7.974692
7.909872
8.564485
11.494346
8.513383
12.849788
10.128895
10.378044
10.457291
7.901666
8.412960
8.515842
7.838711
7.868074
7.840287
7.850612
7.733880
7.977294
7.836418
7.969776
8.326493
11.757797
8.779614
7.906887
7.841984
7.984270
9.929469
9.975501
8.420687
8.053841
16.148800
8.239986
8.057800
9.959918
10.877003
9.943300
10.084744
9.618828
8.218507
19.773012
14.517421
7.996677
8.155026
11.221051
11.238111
10.865115
8.915776
15.003058
16.900963
8.205536
7.746826
7.922112
8.300107
9.010352
17.579281
24.697903
19.502250
7.860368
7.987130
9.784533
10.460046
8.518999
19.777730
10.972261
7.837373
7.973153
7.875987
8.265188
8.632860
15.505606
8.088958
7.694697
28.629088
32.866110
13.545196
8.992771
24.707953
16.863301
17.283386
27.004517
23.903081
8.062628
8.041476
7.727370
11.254712
9.381244
7.837152
7.784924
8.303025
7.718925
7.728436
7.855030
11.714034
11.386420
8.042751
7.710033
7.777629
8.104534
7.902382
7.933495
8.035880
7.811885
7.922286
7.788652
7.816817
7.854551
7.883821
7.849383
7.792218
7.880300
7.817851
7.858232
7.835972
10.058397
9.218284
8.016870
7.833597
7.749995
7.839989
9.649641
10.719954
11.862866
11.443261
15.533883
8.193671
12.476911
16.157568
17.827703
24.495210
18.084304
8.146123
8.588235
8.742036
7.829311
7.962046
9.464503
13.045801
14.394954
13.859891
11.138806
15.906623
11.008853
16.256077
9.141179
10.399282
12.164668
12.351268
8.105736
7.807663
7.897400
10.309942
15.663949
14.691351
17.674864
10.139153
7.929856
20.056881
8.909727
7.785307
8.729106
11.873865
12.608026
13.837408
18.847504
8.111528
9.109237
8.884705
8.408117
7.874488
8.049505
8.190382
11.165157
15.779852
8.726511
8.932969
9.677298
7.971221
7.800545
9.254979
10.123177
16.983326
22.381325
9.036799
8.189316
17.419772
19.223842
13.456427
8.817854
12.613805
9.136637
10.117222
16.005641
11.267285
16.474596
10.572463
16.490543
17.923293
8.577479
7.867058
10.196041
12.233757
9.974316
7.788386
7.848574
13.061428
10.905069
7.820015
9.040142
13.097946
13.255373
18.173318
13.855071
7.894536
7.850233
9.391368
11.647915
21.070018
7.987749
7.980502
8.519210
9.223993
9.069028
18.220621
9.292361
7.855029
7.812364
8.234180
7.738322
7.838524
7.782594
10.550314
15.459611
12.123467
13.098928
9.187659
7.935524
7.759939
8.605561
11.201891
12.410406
13.641896
13.783600
10.415918
27.707675
19.042716
19.521114
25.058557
20.092050
16.692915
10.468809
11.323326
10.059384
9.991080
8.160554
10.906116
10.696107
12.658325
12.125992
8.997217
8.175934
9.419125
7.908704
7.869194
7.813161
7.833772
7.859109
9.686352
11.217279
15.045023
8.084546
7.794584
8.871185
7.820477
7.973394
7.863179
7.780419
7.755881
7.768586
8.859085
11.097267
13.205384
14.050589
22.580794
12.890423
19.914259
10.334369
16.741913
17.164479
9.118117
8.266659
10.000838
9.793285
14.784932
13.032454
7.935442
7.870846
7.855366
7.817634
8.648084
9.424244
11.937415
19.912532
11.761606
18.034214
21.854927
10.437307
10.688934
14.081634
17.267883
26.667878
15.787961
10.195272
10.571190
16.844883
8.209876
8.893639
12.767104
30.787443
31.509168
21.079978
12.725644
11.753337
13.649024
9.791376
9.249437
8.492269
12.444858
21.855905
11.262614
21.089363
14.412078
11.140493
21.501339
13.077484
27.807711
15.111172
17.363985
17.713642
18.085469
10.329812
8.517737
12.601196
14.602829
11.915143
8.260936
8.128213
8.921055
12.671238
8.262971
8.962593
13.859586
15.844287
11.236148
10.852908
16.423634
17.709547
11.831237
9.777534
12.888201
14.039652
8.906071
12.797078
8.425967
8.127455
7.919684
8.065687
7.972705
7.948411
9.905446
8.133049
7.943191
9.255062
8.113915
8.604593
9.655730
10.848679
11.596051
12.050058
7.950987
8.652064
12.987399
7.942712
7.952368
8.022373
8.676314
11.124450
10.257996
14.049923
13.396015
14.643423
9.882386
10.383738
18.846189
24.884450
13.423337
11.588931
13.822749
15.121956
18.786233
12.555633
9.805778
8.394844
9.106619
8.064577
7.822074
16.998001
13.705619
11.676661
14.867566
9.089271
13.932297
14.313323
8.129430
7.650310
19.604019
16.592069
7.897643
14.274871
13.728907
9.038056
9.028964
18.819125
15.898284
13.687349
10.511931
11.372675
17.476313
18.631210
10.286553
11.208321
14.124105
12.327696
8.090391
10.490530
12.188084
8.105295
8.110133
9.739680
8.916728
8.915159
14.320373
23.941381
23.485285
9.258847
7.815789
8.788283
13.409559
10.169071
7.859001
8.166012
8.029089
8.488608
9.525923
21.408299
17.792649
10.143000
17.909046
9.839438
14.906041
19.647626
12.831313
12.465341
28.077760
12.308202
9.707446
18.738187
14.821941
8.099820
7.982549
7.987766
8.055577
8.925464
8.030769
8.060114
7.955127
7.993816
8.201040
7.939431
7.946270
13.631935
8.702813
8.786636
17.431794
17.702554
14.402675
14.133753
28.655991
9.957608
7.922287
7.946190
8.011241
7.941015
7.978029
7.974388
8.009939
7.918925
8.036041
7.991985
7.919260
7.960817
7.942277
7.965793
7.871693
7.958093
8.008415
8.122605
7.924318
8.967256
11.647620
8.335525
7.902604
7.931688
8.260483
8.113804
17.943306
14.561268
7.962416
8.699634
21.098206
10.186028
9.812317
12.097246
rse = 1.315198
iterations : 1000