33.664757
28.471718
29.299813
29.943215
28.796138
31.078221
28.672743
28.388235
28.848534
29.149495
28.066172
27.903760
28.100023
28.256466
28.777442
27.813519
28.776469
28.005158
28.465939
28.879637
28.097730
33.968461
28.166807
31.398747
27.896637
34.657514
32.683289
27.628525
27.767294
29.181760
36.746123
28.179132
28.664629
28.705389
28.214754
28.424243
28.696308
28.454154
28.615598
28.453801
28.599328
28.429004
35.801200
31.342885
34.660828
37.073995
46.790087
38.781063
28.680005
28.410991
28.546071
31.049327
28.851239
28.714905
42.168819
28.877586
29.327326
29.028067
28.196600
28.755187
29.915636
31.029398
28.352011
28.600090
28.143711
28.862400
28.490493
28.405063
28.418298
28.236669
28.335683
28.654974
29.626468
28.445627
28.435808
28.610450
30.301437
28.855757
28.762389
28.929548
28.123379
27.868378
27.837897
28.216588
28.337577
28.223431
28.888596
29.690790
28.453314
28.285805
28.993309
28.079034
29.157854
28.205095
31.835555
27.617955
28.507841
30.129276
28.562402
28.123412
32.936324
28.883867
28.105648
rse = 0.997643
iterations : 102
