1.029589
1.604283
2.129689
2.309130
2.151867
0.649840
1.025114
2.372943
0.370612
0.676709
0.930291
0.986394
1.168264
1.432859
1.625433
2.147538
2.129775
2.194273
0.391313
0.370469
2.046986
2.129980
2.092617
0.597337
0.375443
0.370826
0.393418
0.378936
1.205533
1.390654
1.742141
2.039059
0.847146
0.683688
0.423603
0.378869
0.378653
0.378618
0.378903
0.420145
0.378656
0.378629
0.378717
0.378914
0.378777
0.378505
0.381698
0.379922
0.378829
0.378571
0.379177
0.378752
0.381785
0.384214
0.378656
0.378674
0.428441
0.405764
0.434205
0.556293
0.729179
0.672784
1.012093
1.678359
0.904336
1.156674
2.218118
2.129673
2.130682
2.158759
2.212040
2.331754
2.145210
2.136255
2.152592
2.204141
2.154490
2.180563
2.130561
2.154251
2.188195
2.226563
2.131355
2.130044
2.200260
2.213124
2.140934
2.155454
2.456747
2.129327
2.216867
2.149133
2.130993
2.149073
2.138381
2.266035
1.651286
0.559795
0.391926
0.394058
0.463214
0.582060
0.662569
0.605496
0.697985
0.990730
1.480284
1.744537
1.846593
1.561957
1.491368
1.128043
0.864608
0.865339
0.601353
0.606935
0.572977
0.741790
0.809943
0.689383
0.586547
0.384309
0.382667
0.541701
0.782360
1.069245
2.178566
2.130773
2.201153
2.220668
2.168444
2.157095
2.132509
2.130560
2.130640
2.130599
2.130601
2.148140
2.130372
2.130703
1.658449
0.532541
0.455515
0.389572
0.387456
0.384286
0.381907
0.405244
0.378915
0.892382
2.163204
2.204922
2.173408
2.147387
2.182050
1.585709
2.172230
0.898049
2.200846
2.131692
2.130082
2.146453
2.147519
2.232325
2.159495
2.134512
1.000155
0.626291
0.722077
1.158769
0.640242
0.749611
0.896623
1.099506
1.034822
1.030628
0.976898
0.700162
0.682792
0.852410
0.785924
0.740356
0.561703
0.811259
0.639915
0.703665
0.575299
0.456919
0.658024
0.679957
0.610694
0.447799
0.387228
0.378602
0.381522
0.383731
0.386296
0.379273
0.436744
0.661577
0.821177
0.675969
1.045866
2.130302
0.370474
2.197783
2.227413
2.151610
2.229246
0.378822
0.681619
0.757767
0.715565
0.742313
0.624908
0.757387
1.002879
0.869976
0.996803
0.817557
0.946224
0.675211
0.413324
0.386216
0.378839
0.449428
0.507348
0.628376
0.717928
0.405041
0.389394
0.432441
0.378723
0.378797
0.378896
0.386363
0.378992
0.378825
0.381459
0.410655
0.537108
0.436727
0.378670
0.387261
0.381557
0.381863
0.380179
0.393848
0.378763
0.381546
0.394751
0.379168
0.378491
0.387269
0.386988
0.392031
0.378615
0.378994
0.384446
0.450197
0.646903
0.734107
0.657424
0.595891
0.838251
0.815469
0.894434
1.136520
1.171400
1.052691
0.850694
1.017258
0.656191
0.495094
0.392824
0.381897
0.428085
0.643304
0.714281
0.670372
0.776936
0.688979
1.081662
1.649474
1.274604
1.030595
0.963132
0.497815
0.628089
0.897269
0.990813
0.397596
0.379284
0.608551
0.379098
0.378955
0.379150
0.381805
0.378945
0.391033
0.387507
0.382351
0.379544
0.555306
0.562491
0.418660
0.760193
0.504569
0.501097
0.460849
0.578273
0.651206
0.651004
0.732067
0.429355
0.381662
0.378542
0.424855
0.384826
0.400352
0.378670
0.384569
0.418275
0.378833
0.410525
0.381305
0.410421
0.378860
0.381711
0.379166
0.381920
0.378740
0.389272
0.386678
0.382644
0.384645
0.379035
0.378970
0.380286
0.468353
0.481896
0.386907
0.402500
0.510054
0.539917
0.754180
0.561768
0.408633
0.381687
0.387827
0.385148
0.388790
0.378492
0.378653
0.380504
0.378638
0.378597
0.378587
0.500939
0.410173
0.532638
0.388885
0.486858
0.616192
0.441479
0.456826
0.378433
0.473731
0.378836
0.478863
0.381612
0.378542
0.378715
0.383678
0.448514
0.448324
0.678691
0.640286
0.729908
0.675322
0.537149
0.611049
0.387475
0.458635
0.381802
0.381463
0.378533
0.379068
0.378869
0.387522
0.378692
0.515044
0.428057
0.417111
0.379140
0.381750
0.385666
0.435404
0.549317
0.600394
1.310201
0.703655
0.964628
1.394624
1.318369
1.281140
0.985450
0.658410
0.612981
0.380023
0.408730
0.654366
0.847495
0.663220
0.874162
1.050165
1.755230
1.461603
1.027850
1.641813
0.640281
0.738225
0.989909
0.769540
0.660122
0.904335
1.032148
0.489077
0.378623
0.484726
0.490755
0.477506
0.655227
0.722622
1.147854
1.049860
1.116034
0.861286
0.672786
0.636097
0.740956
0.424916
0.512289
0.399262
0.378732
0.381522
0.379020
0.379541
0.378857
0.389234
0.381895
0.385055
0.437060
0.462928
0.464217
0.487065
0.378816
0.378767
0.428154
0.402891
0.565921
0.421106
0.405959
0.424427
0.454072
0.571846
0.771110
0.568202
0.766585
1.069108
0.883561
0.587179
0.410600
0.521338
0.859072
0.492448
0.536924
0.777139
1.255391
1.756469
1.729740
2.271675
2.200622
2.160844
2.165988
1.095107
0.404743
0.378273
0.378858
0.378624
0.393437
0.378753
0.378691
0.378660
0.385607
0.378809
0.379038
0.381515
0.398451
0.379000
0.381785
0.378545
0.378827
0.389087
0.378641
0.445756
0.378650
0.381587
0.378826
0.380295
0.378626
0.432184
0.381679
0.378677
0.389418
0.379565
0.378725
0.414039
0.380647
0.381642
0.378769
0.378574
0.453911
0.381545
0.381555
0.378570
0.378709
0.378808
0.378758
0.427938
0.381646
0.381629
0.403532
0.378664
0.381895
0.385966
0.379578
0.378802
0.378649
0.379105
0.398520
0.382069
0.382004
0.378991
0.373298
0.378646
0.469794
0.659841
1.138157
1.694984
2.147032
2.133238
2.162396
2.156522
2.129851
2.240425
2.135056
2.166459
2.159393
2.229619
0.889951
0.397795
0.394504
0.402642
0.378715
0.372265
0.391539
0.378771
0.378811
0.379204
0.379891
0.385363
0.378562
0.384900
0.378616
0.421145
0.416586
0.485713
0.460240
0.393198
0.414080
0.411682
0.379159
0.435636
0.603336
0.491904
0.578221
0.631116
0.599047
0.673351
0.753423
1.023210
0.926141
1.059876
0.913049
1.094150
1.547797
1.837878
1.273382
1.227839
1.923121
1.263944
1.939329
1.337045
0.887278
1.291879
0.391008
0.379611
0.381642
0.380444
0.379013
0.383618
0.576005
0.657483
0.721477
1.070524
1.691549
2.154272
1.944185
2.201983
2.130303
2.235166
2.222515
0.989960
1.701430
2.958811
2.130022
1.676609
2.131738
1.786681
1.081830
1.640405
2.187098
2.134566
1.520361
1.541508
0.798744
0.378363
0.378847
0.385747
0.421215
0.381668
0.378770
0.462082
0.608931
0.817431
0.706398
0.595411
0.437107
0.528034
0.378661
0.385337
0.378788
0.381809
0.386619
0.378629
0.378539
0.406992
0.423212
0.453672
0.580127
0.671567
0.609475
0.658886
0.919248
1.082595
1.233321
1.894981
2.145435
1.268155
0.867148
0.427297
0.427376
0.393213
0.381368
0.417671
0.390564
0.381849
0.378900
0.381841
0.462002
0.598145
0.830398
1.215436
1.394281
0.875282
0.791538
0.686331
0.378716
0.510070
0.456699
0.381663
0.379375
0.412473
0.387026
0.421974
0.486851
0.512173
0.566381
0.509414
0.637092
0.720946
0.711747
0.676830
0.707568
0.641295
0.633794
0.396294
0.378952
0.380276
0.378696
0.423904
0.546350
0.496590
0.569524
0.386278
0.423251
0.379115
0.382079
0.384100
0.417577
0.378757
0.392970
0.378822
0.417583
0.650585
0.380879
0.515897
0.460364
0.472048
0.560084
0.469242
0.378500
0.409139
0.508241
0.674319
0.869154
0.822350
0.599801
0.878359
0.943335
0.476012
0.387343
0.378465
0.389287
0.378552
0.379174
0.408404
0.437155
0.504613
0.603007
0.823333
0.695453
0.813844
0.811429
0.797238
0.889125
0.476418
0.432905
0.571582
0.875189
1.500866
2.130413
2.151358
2.151284
2.182143
2.130517
2.155491
2.156721
2.130411
2.226594
2.131137
2.179898
2.131336
2.160699
2.131123
2.157283
1.184788
1.999229
2.130327
2.209082
2.163023
2.203416
0.901539
1.664835
2.156894
0.370258
2.435846
1.791533
1.704303
2.204968
2.169913
2.158156
2.131934
2.183085
2.140793
2.159748
2.130793
2.166911
2.226830
2.255677
2.194360
2.129409
2.129592
2.159127
2.129911
2.155223
2.259394
1.696527
2.166654
0.720072
0.665215
0.587311
0.600504
0.615183
0.546270
0.712602
0.549879
0.759874
0.897703
0.953076
1.036041
0.775184
0.393229
0.378748
0.384195
0.378619
0.380518
0.378555
0.386070
0.441618
0.674769
0.815050
0.612434
0.697305
0.532588
0.744358
0.967485
0.597624
0.636149
0.787519
1.034573
0.684871
0.848920
1.556547
2.247131
2.131607
2.201619
2.129476
2.130147
2.166470
2.146938
2.171998
2.131997
2.150669
2.139527
2.160410
2.130945
2.167240
2.130126
2.203218
2.137897
2.151475
2.129667
2.160437
2.130300
2.130817
2.162318
1.803368
1.667287
0.556466
0.658152
0.381273
0.696984
2.263981
2.129934
1.548359
1.647819
1.592585
1.876800
2.151979
2.207231
2.129589
2.156502
2.183610
2.175601
2.209919
2.239896
2.152912
2.130864
2.130689
2.151627
1.635661
1.830900
1.137576
0.749128
1.198903
0.912583
1.383163
1.299342
1.464861
1.159617
1.087702
1.408242
0.971158
1.168591
0.921430
0.785149
0.661575
0.808720
1.092728
1.396858
2.005767
2.153857
2.129978
2.206590
2.181438
2.277170
2.206766
2.134409
1.481390
2.698341
2.246771
1.682187
0.427528
0.645679
0.379699
0.379984
0.381737
0.419803
0.444749
0.575869
0.786203
1.655738
2.173841
2.279016
2.130715
2.174608
0.940958
2.213489
2.154110
2.144653
2.126178
2.154590
2.176212
2.223327
2.159675
2.187573
2.213687
2.131415
2.189790
2.154609
2.170130
2.197162
1.687527
0.510316
0.378564
0.381868
0.379110
0.378827
0.381593
0.378873
0.404046
0.505435
0.515197
0.533651
0.766647
0.720633
0.701013
0.756549
