13.643444
16.484481
14.053149
11.911719
11.871196
15.493738
12.604698
12.879896
12.331910
11.853304
12.352638
15.810583
15.693825
12.563799
19.071195
19.602854
17.188643
14.559493
19.822848
20.125996
12.463091
12.035557
13.052804
16.718042
12.054658
13.031286
26.029112
18.350557
13.645232
16.295890
16.839585
11.951921
11.960660
12.145927
12.234471
13.308163
11.950995
18.457979
13.650209
17.198145
12.097888
12.920744
15.075317
13.192113
13.238406
15.402409
14.790874
12.502039
27.437705
20.036868
15.777463
12.263797
12.421092
13.044919
12.299599
13.360783
17.520711
13.757287
12.192018
11.814514
13.139918
15.047744
12.022861
11.815690
11.857777
39.068435
18.117067
27.951138
20.020461
23.571192
11.828365
12.320610
22.671172
23.847923
11.754295
11.969461
15.049236
15.245556
12.200067
12.455186
12.102617
18.648207
12.449183
13.843292
14.104991
12.996693
13.614766
12.391362
13.109263
11.958217
13.625298
12.583389
12.216732
15.052039
16.150506
18.780393
12.096295
11.789166
15.818281
15.769433
12.562102
21.586831
20.285083
14.075806
13.946760
16.465161
19.104414
22.881099
20.184162
28.391341
15.790921
33.067991
14.552924
16.187855
16.010150
23.701221
13.166534
14.209244
11.551203
12.348705
11.566434
24.545789
19.768608
14.334685
11.843508
11.787969
17.148373
12.705849
12.698987
14.454975
15.006145
12.801995
13.280855
13.161878
13.483685
14.445490
17.379838
14.812304
21.334736
13.687001
11.987418
12.692423
13.410382
13.033778
14.025336
16.772530
15.224866
18.025692
15.960819
15.301256
25.452790
19.873582
17.538059
27.563591
26.804288
18.992166
16.951296
26.601432
16.547904
13.480268
13.719850
11.573490
12.712222
17.824617
13.780646
11.922349
16.696320
22.303792
12.241882
14.546864
13.107319
21.866836
12.292056
12.243512
12.133822
12.048808
13.178544
14.011894
12.184306
16.295297
17.113858
19.255745
24.346357
15.056931
11.695578
12.000973
12.030023
12.246723
19.092354
15.175442
12.001769
12.313520
12.501639
12.003498
14.491565
18.504909
15.966728
18.223103
15.976327
11.781358
11.862310
11.842115
13.253773
13.891224
15.146639
14.304542
13.034961
25.076852
18.845646
14.078811
35.461231
11.940134
26.771441
26.999997
12.163020
17.843458
32.485502
27.957179
15.163743
15.880374
17.940303
19.653426
23.302443
17.831701
13.047433
19.169225
12.402639
12.661816
12.721228
15.049929
11.806649
11.587955
11.655849
14.154450
13.913113
22.891417
18.546008
12.478913
12.372620
11.646550
12.582543
12.063160
12.006855
12.732830
12.560090
12.815780
12.037435
15.559697
12.703612
16.787893
16.163305
11.933803
12.915708
11.800241
12.211443
15.252273
19.626998
17.325805
13.982628
14.161291
13.682289
15.328455
13.341812
12.385483
11.559316
14.186061
14.474557
13.821674
16.274663
15.404994
14.311710
16.693563
12.876528
13.877277
19.704105
15.102197
16.004226
14.528820
12.462504
17.493653
27.166041
11.466665
12.268189
12.894776
11.575870
11.664510
14.770108
14.688362
11.605620
11.544744
12.046726
11.940433
21.468196
31.862259
12.257784
11.958999
13.175530
12.581980
12.596238
13.596198
11.847527
11.547834
19.295937
16.505594
14.858612
11.820414
12.676498
11.694628
11.793604
11.452093
11.621136
11.707681
11.391669
19.822792
11.750054
13.442259
12.797585
11.940951
11.933414
13.884131
17.327048
13.643765
12.572205
13.527337
22.462803
12.302734
22.663773
15.073138
13.304054
12.295989
12.468368
15.377536
12.736025
12.290882
11.748676
11.706709
11.841404
12.343057
12.124031
25.195111
16.198295
12.826789
12.412604
11.710244
12.390503
14.151389
12.884753
16.227347
12.179786
19.672969
14.269977
11.793046
11.851459
12.428677
12.032847
12.057836
13.026909
16.885250
13.393824
14.506197
23.130195
18.097391
20.368431
12.471187
16.438038
15.004547
12.485322
12.489753
11.889617
15.449390
12.881669
12.028372
12.460506
30.007993
11.975786
12.550030
25.989712
14.297045
15.660158
13.255971
12.024865
14.112757
16.990112
12.554090
12.387679
16.679779
14.407402
17.047546
24.077523
15.754010
20.375979
32.682943
12.064004
26.968896
17.048186
15.999723
22.552145
12.081742
19.724695
24.611538
11.999643
11.567171
12.314598
12.024715
14.455251
17.766493
22.131920
13.243520
17.034245
21.265100
11.634718
11.703613
13.375092
12.621543
12.345474
11.690566
21.576217
12.586102
22.214081
15.216458
42.469644
24.021709
18.720962
22.749871
11.635027
12.213274
15.846346
18.325545
14.747025
12.584358
11.774429
12.467077
19.546733
11.889357
11.998439
11.980998
11.666244
12.333957
13.968414
12.473475
12.806339
12.196170
13.517955
25.574254
11.889844
11.728243
15.970826
25.028228
13.097901
12.607344
11.756172
11.667579
11.914749
11.892003
11.917700
11.950313
11.251593
16.500462
24.370490
12.830696
13.735651
12.796562
15.432665
14.365594
16.135255
12.003815
11.705390
12.701160
16.818102
15.943755
18.283009
26.003872
16.358242
12.860481
14.179454
11.749726
12.512932
15.901275
26.451241
16.070033
15.055670
22.275561
12.658418
12.214859
13.503006
17.769269
13.067852
13.415973
12.552377
12.246510
12.010757
12.365758
15.124412
13.390590
12.662101
12.680801
13.685476
18.241096
14.240678
14.829329
15.272632
12.051875
12.360397
12.194813
27.703733
19.463136
12.038207
12.398290
19.013832
12.670007
12.402411
15.229862
20.489466
12.885240
12.551179
12.709642
12.900525
15.349295
15.914205
13.965065
23.321116
20.280633
28.074990
26.054014
12.077298
14.458732
14.980401
12.178367
12.363246
12.706446
12.277947
12.393759
12.121180
12.272668
12.075551
12.525096
12.448860
12.222954
12.033450
12.435734
19.422491
14.896478
11.849031
12.008385
13.331825
16.095093
18.987166
14.440785
14.025334
15.904437
14.754599
13.162768
26.651026
20.605072
17.005432
13.325399
16.470530
21.939105
23.813541
13.283450
12.692551
16.483570
14.578773
12.222292
15.573091
14.323389
13.009101
14.890701
12.635127
12.419098
12.224541
16.376564
14.889088
13.579879
13.284561
11.867880
25.779376
12.213521
12.545218
14.555417
31.108931
14.572644
25.868969
12.074814
15.539487
26.878156
23.427774
20.088106
13.153848
11.773000
12.457785
12.583161
13.393596
14.133911
11.870151
12.170695
13.189482
16.096073
24.933613
17.449270
12.335368
12.020377
11.729485
20.909460
17.252044
12.773549
12.519195
17.878719
18.356497
14.402407
14.485449
11.972687
12.665376
11.938981
12.136979
12.489495
12.923102
17.604827
15.774400
24.070842
13.143414
19.151775
15.991491
14.199491
13.134806
11.813701
12.403354
15.379530
12.512945
18.573850
13.228918
12.326049
12.278466
12.345584
12.305449
12.327129
13.258138
22.167126
24.916112
12.256947
12.286965
12.942302
17.247179
13.843278
11.835563
12.213198
11.929069
14.531904
19.108498
15.128465
16.685060
14.562057
11.711503
12.916954
11.922749
11.691597
11.697056
12.818348
14.662713
16.701308
11.603074
11.896891
12.283540
31.190873
19.006612
19.472256
13.206650
13.192868
12.594253
12.305630
12.251996
12.715901
11.894269
11.961398
11.949917
11.783189
11.929943
12.124542
11.940941
11.742360
12.007301
11.759823
11.830651
12.099788
12.357822
11.675824
11.769332
12.068429
12.300317
11.892243
14.068444
27.242313
12.171399
27.927677
20.577687
14.740647
11.853741
12.632474
12.297395
12.035215
11.998612
12.298066
12.010276
13.011516
12.665198
14.523247
16.073732
12.760362
13.317319
21.446288
15.820973
17.903956
16.498180
11.914955
14.018416
12.980555
17.756330
14.180508
13.996918
14.940776
13.188071
12.434361
17.548819
16.674364
12.615483
12.116349
12.579097
12.145536
12.626725
12.594314
12.123891
12.141356
12.330506
12.458187
12.285660
11.972122
15.357959
12.546024
12.483466
12.300211
21.106783
29.530879
12.132478
11.936569
12.164292
11.955591
12.189469
12.068078
12.207524
13.576357
16.401752
12.139430
13.939754
13.161935
12.448365
11.997232
11.805877
11.866159
11.913437
12.391844
11.897879
12.323066
11.972699
12.090577
11.849839
12.851433
11.832929
11.856277
13.336229
12.017930
11.916075
12.072241
12.091719
12.016349
12.025419
11.908107
11.872971
11.771335
11.806727
12.242606
11.886872
12.158505
13.048000
12.048807
12.798456
11.883611
12.085711
17.513616
17.702691
16.610032
17.638191
17.955984
12.541995
12.238080
15.402708
12.109161
11.345266
16.187713
12.956822
16.042906
12.345191
12.080145
12.866630
15.048179
15.108425
12.518061
13.605667
14.718977
12.182950
13.438991
17.842164
15.525514
12.614158
15.786753
12.384534
12.329050
11.984029
12.146046
11.966096
12.218189
12.208625
11.996694
11.761155
12.639368
11.935423
12.653616
rse = 0.999453
iterations : 825
