14.136653
14.097095
14.362419
13.935967
14.164950
14.297284
14.079770
15.354781
13.953692
14.297655
14.381550
14.661795
14.213296
14.270065
14.007102
14.575851
13.908986
13.945580
14.236690
14.091361
28.112132
19.887531
14.263357
14.133305
16.564764
16.227532
17.032330
17.872441
14.272376
13.840482
14.464478
15.103859
14.315629
14.883727
27.533923
18.574849
14.238142
14.424233
13.827965
14.111072
14.093681
13.945420
13.896758
13.965109
13.963126
13.814989
14.410761
14.580420
15.067795
19.657041
14.232919
13.909498
14.016359
19.050215
26.269708
17.792665
19.151372
15.173927
14.408494
17.936560
14.270731
15.754503
14.512173
14.802437
17.800979
14.056719
13.981256
14.822556
15.671050
14.168194
15.203478
25.333066
13.797777
19.169984
17.236602
16.863648
16.388396
21.648133
20.251923
33.801249
13.782211
14.157095
21.718104
13.944261
13.884112
13.925448
14.223734
15.048487
13.705900
13.602817
17.328248
13.774517
13.739551
13.754110
13.915242
13.928368
15.312649
16.908669
14.427424
13.925715
13.853981
13.649582
13.791767
14.094527
13.947035
15.095714
13.880980
13.885616
15.585289
15.387064
15.096396
15.593702
18.500280
24.908239
16.514231
18.914942
16.858625
20.162266
15.762784
17.797833
13.862968
14.006058
14.023176
17.434788
15.187461
14.250495
14.056893
17.569829
14.013266
14.212604
14.358574
16.541172
17.164093
19.210663
16.715637
13.803079
13.861238
14.244498
17.989335
14.537050
14.587237
21.443317
13.764948
13.954109
14.410384
14.424460
14.688164
15.107338
14.186166
14.385806
14.328542
14.996248
17.491934
13.956778
14.237774
14.052713
15.268872
13.981587
16.025988
15.992351
17.176143
13.878949
14.165534
13.917858
14.170773
13.908960
14.052468
14.500984
15.929242
15.473628
21.982015
21.657591
13.993396
14.603059
15.682285
13.869359
13.910851
14.106214
14.769541
18.403329
15.874986
15.634449
15.848543
18.439895
17.433154
17.394001
17.781412
21.284634
14.006404
18.898919
15.323571
13.922349
13.969679
14.160274
14.130199
14.003992
14.136096
14.031496
13.966714
14.422295
17.396644
16.887021
21.695989
14.712660
15.346881
17.635508
14.022320
13.993276
14.125552
16.823507
17.035384
14.726795
18.217421
14.938140
31.173042
13.896883
25.199341
30.041911
25.768072
17.039580
32.296982
13.666097
13.906988
23.606999
18.912512
18.862444
15.239817
13.949936
14.436292
13.954887
13.792880
13.969007
14.843049
14.106027
14.121682
13.981244
13.977190
15.703741
20.217562
30.761900
14.451109
18.066310
14.006125
13.990614
16.342050
15.401258
29.077058
14.935685
14.327729
16.336317
14.467228
15.808882
17.002665
14.243042
14.043183
14.283045
23.129957
15.399452
13.966674
13.936613
13.779192
16.817082
14.979063
15.174269
14.957523
17.175983
16.130075
13.793508
13.775500
13.945386
15.326488
15.619669
16.851096
22.372449
35.835257
17.565778
13.620644
13.908425
14.219904
13.487278
15.392232
21.672917
14.675446
17.420055
17.459010
18.738374
14.069746
13.979247
14.323942
15.483805
13.918815
15.234723
17.250580
21.259383
13.788016
16.061139
17.136116
15.047924
17.830923
20.603954
15.247265
14.650109
14.246336
13.985806
13.957902
13.877974
13.725745
13.721756
13.886333
13.818978
15.726377
15.628248
15.856440
13.812395
15.856253
21.231413
18.176495
19.609994
16.108635
13.962599
26.386934
19.161142
13.564384
13.713085
15.791274
21.081060
16.806098
20.353027
15.067624
13.746319
13.651725
14.181235
17.669412
26.831717
15.159212
13.837997
13.974527
13.667736
14.225550
13.785186
13.791453
14.049456
14.804288
14.713955
14.753178
22.776137
22.570537
15.772672
15.404016
13.720352
14.984453
21.147876
24.183227
13.946578
15.939466
22.196056
14.223060
15.991493
22.564824
14.643872
14.019025
14.475451
14.508127
13.940058
14.385846
14.076129
14.314503
14.982088
20.096951
22.759000
15.955319
24.249610
20.231433
14.247043
14.479327
14.217564
14.500017
14.264703
14.458626
14.373431
14.256045
14.333426
14.254949
14.169415
14.553987
13.994710
14.080562
13.623375
14.134102
13.958202
14.135165
20.679743
16.065227
16.701615
33.607122
15.016733
14.224372
16.816196
14.917406
14.482424
21.934525
16.598275
14.103139
14.034959
13.709527
14.051950
14.060831
16.059638
15.429634
16.728058
14.272037
15.576578
19.806668
18.343195
18.003338
16.743458
14.099681
14.004249
14.220725
14.454915
14.491117
14.586537
14.518025
13.955269
14.734814
16.987972
15.024896
21.119625
17.622332
15.564820
16.749044
20.360087
19.133534
30.241704
21.643911
14.604162
22.426606
23.076651
14.411566
21.020725
18.758804
17.892216
16.023554
15.498125
14.918674
15.529962
14.246661
15.960661
23.034460
14.355209
15.471403
15.543751
14.247587
14.281540
14.283104
14.961272
15.784634
14.145780
13.876349
14.519149
14.454592
15.266889
16.190995
18.428255
14.420256
18.951087
14.212444
15.360672
16.603893
18.859428
rse = 0.999344
iterations : 469
