16.503472
15.487244
15.019064
15.413617
15.107382
14.980968
15.916126
15.442619
15.031298
15.029479
15.456612
14.928454
14.564170
15.050761
16.818274
16.426883
21.969130
15.151062
18.600113
18.349579
14.809807
14.905770
15.428063
14.660913
14.589102
15.640909
16.122497
17.390427
15.708392
15.010287
15.524109
15.001642
15.232033
14.740340
14.666845
16.388091
18.898443
14.709293
14.990037
15.455834
14.890586
15.019439
25.473372
16.977481
21.519002
17.283417
14.709847
15.372582
15.390790
15.209439
15.351080
14.966647
14.805049
14.786579
15.846622
18.038436
15.097878
16.466674
16.003620
14.998646
15.072974
15.900506
16.660225
20.911032
21.273862
14.878524
14.400507
14.621319
14.869028
14.574816
17.326382
15.431890
14.690011
15.806526
14.611571
14.744564
16.427849
14.384153
14.811841
14.903846
17.949072
15.886448
21.266961
17.710664
16.296149
15.755478
14.614674
14.628525
16.129517
29.616310
16.470803
15.105667
15.241347
21.399985
17.405072
29.855700
14.829768
14.481009
14.689041
15.730366
15.721297
15.044002
14.954039
15.668749
15.171814
19.003269
20.912341
15.173357
14.817753
15.022281
14.920864
19.051405
15.843345
15.073279
14.893083
14.956156
14.816405
15.967297
14.746739
15.094634
15.132275
15.468610
15.264729
15.289220
14.896688
15.202185
18.107054
15.328088
15.378614
15.072093
14.981492
15.383250
15.010199
15.080249
14.775860
14.775740
15.175001
15.063604
14.633076
14.357555
16.159174
18.197435
15.519471
16.851611
16.172431
16.195376
15.197653
15.057117
15.098106
15.497649
15.069925
15.130900
14.913644
15.191060
14.998859
15.342202
15.057698
14.840952
15.147756
14.833747
14.857335
15.097029
15.090574
15.132045
15.497882
19.325431
17.113145
14.881284
15.525284
15.352515
15.441996
14.822285
14.926371
14.774800
14.864361
15.032162
15.675560
14.810353
18.965915
20.444550
15.308486
14.899731
15.251758
14.751134
15.337213
15.638903
15.270901
15.311967
14.970737
14.919811
rse = 0.999148
iterations : 189
