0.306160
0.309882
0.306536
0.329621
0.310976
0.313179
0.307799
0.305832
0.310328
0.305810
0.305383
0.388416
0.625287
0.816638
1.636506
1.743925
1.755860
1.737245
1.671765
1.734901
1.693624
1.730359
1.734370
1.750639
1.733217
1.727298
1.716562
1.771792
1.737355
1.745223
1.756631
1.744279
1.718032
1.746303
1.747396
1.845078
1.825577
1.758682
1.108379
0.394361
0.306691
0.299785
0.313063
0.304251
0.305175
0.310643
0.308406
0.311113
0.305863
0.372861
0.468324
0.555118
0.629658
0.835082
1.222316
1.750422
1.737912
1.720807
1.735040
1.721720
1.760110
1.739301
1.591509
1.724661
1.761749
1.480443
1.751157
1.604205
1.156298
1.109490
1.219540
1.069514
1.154318
1.127213
1.260837
1.781145
1.754972
1.260174
0.940251
1.298567
1.732739
1.727914
1.752912
1.756982
1.728834
1.733117
1.030492
2.186853
1.794983
1.737904
1.783770
1.754831
2.651425
1.786469
1.734813
0.551698
0.422699
0.725991
1.298072
1.800580
1.772783
1.778796
0.839555
1.299815
1.842871
1.742442
1.769237
1.777240
1.036232
0.973786
1.547539
1.310299
0.465853
0.429940
0.498627
0.361686
0.511770
0.647264
0.510932
0.675699
1.252555
1.745763
0.828121
1.200544
1.236804
1.716777
1.808325
2.083416
1.731581
1.745099
1.769258
1.715248
0.731337
0.696339
0.530471
1.098947
1.833338
1.720725
1.751774
1.766120
0.931800
1.670006
1.937258
1.777945
1.751967
1.782645
1.759976
1.736047
1.744667
1.760364
1.731481
1.734036
1.770578
1.778957
1.721743
1.763638
2.542706
1.785484
1.742646
0.860720
1.825520
1.608396
2.056563
1.717362
1.718475
1.758432
1.737392
1.736146
0.744890
0.328342
0.308426
0.306730
0.306719
0.309624
0.308770
0.308687
0.325781
0.349048
0.316095
0.316016
0.314114
0.308131
0.310700
0.405026
0.525385
0.845260
1.264401
1.717769
1.785831
1.419335
1.031462
1.710828
1.524161
1.186254
1.710001
1.771829
0.406692
0.533664
0.698575
0.571934
0.574695
0.653644
0.771092
1.041151
1.061934
0.618922
0.388356
0.454315
0.386741
0.467630
0.676119
0.442532
0.487236
0.649697
0.744620
0.684436
0.868262
0.866106
0.560267
0.877403
1.034595
0.849237
0.840893
0.465265
0.362287
0.305728
0.402205
0.311985
0.305109
0.305227
0.314007
0.371232
0.362174
0.411589
0.312671
0.350674
0.330408
0.473206
0.425945
0.328675
0.481213
0.422322
0.306675
0.345950
0.305206
0.311449
0.306060
0.307323
0.317861
0.436281
0.362048
0.438487
0.501495
0.710384
0.480509
0.799129
0.899588
1.081557
0.622350
0.347178
0.839391
0.309087
0.401575
1.003529
0.812558
1.253138
0.441263
0.722733
0.298701
0.316030
0.312668
0.309041
0.298572
0.298569
0.312486
0.320348
0.306448
0.309645
0.321954
0.385479
0.448006
0.507986
0.485959
0.331953
0.403401
0.411649
0.590442
0.434704
0.337515
0.456206
0.643722
0.959183
1.078486
1.273718
1.232368
1.046883
0.897744
0.914481
0.600138
0.494024
0.574692
0.684553
1.689935
2.244588
1.265704
0.917643
1.770601
0.526637
0.472359
0.713342
0.476029
0.436166
0.478927
0.405365
0.430654
0.432102
0.308871
0.345085
0.309190
0.452474
0.458563
0.374896
0.305229
0.307468
0.314350
0.328648
0.305924
0.374653
0.399410
0.312152
0.416818
0.451551
0.495771
0.420137
0.333546
0.462864
0.305555
0.309231
0.307779
0.305137
0.355495
0.306258
0.306168
0.317364
0.309286
0.383057
0.308188
0.309111
0.341093
0.308107
0.309176
0.307605
0.369264
0.524519
0.703793
1.073712
1.723996
1.785615
1.813128
1.794068
0.841788
1.379198
1.881482
1.820226
1.719358
1.779429
1.729516
1.743138
1.745332
0.658645
1.749562
1.715811
1.848556
1.745846
0.302512
1.744360
1.742604
1.754170
1.692412
1.651758
1.058750
0.567172
0.987159
1.548817
1.440167
1.476335
1.321701
1.550667
1.478166
1.018711
1.820183
1.734639
1.715789
1.804521
1.751441
1.730151
1.723213
1.880259
1.733493
1.800560
0.810684
1.531325
1.740286
1.739007
1.750049
1.747365
1.807238
1.748113
1.725360
1.718049
1.869093
1.722926
1.726464
1.750511
1.777258
1.720859
1.739080
1.750191
1.760262
1.747491
1.743760
1.764475
1.723646
1.798376
1.790859
1.767466
1.834345
1.738164
1.720611
1.785145
1.726983
1.715557
1.735200
1.793310
0.688879
1.168450
0.474826
0.378266
0.565432
1.611043
0.650566
0.363291
0.311668
0.311767
0.326435
0.314062
0.308490
0.312164
0.306921
0.335983
0.307787
0.309692
0.317589
0.311970
0.339652
0.457445
0.497984
0.424554
0.413108
0.314688
0.310026
0.358799
0.306194
0.308105
0.306877
0.306631
0.306944
0.305405
0.306410
0.308609
0.424063
0.486201
0.756307
1.475172
1.757179
1.742266
1.740833
1.762214
1.447158
1.775324
1.746545
1.894219
1.640569
1.534861
1.528279
1.536875
1.744611
1.873768
1.735301
1.864902
1.797739
1.717280
1.751558
1.205717
0.473528
0.315485
0.549988
0.509920
0.414731
0.352399
0.308995
0.308272
0.310218
0.309693
0.312292
0.305331
0.312842
0.312655
0.306051
0.368761
0.305557
0.315024
0.306989
0.306776
0.313535
0.305421
0.307951
0.313697
0.310287
0.308809
0.305884
0.331037
0.331115
0.386468
0.402499
0.343105
0.347015
0.392713
0.729155
0.425952
0.362301
0.502463
0.610044
0.401381
0.305740
0.308427
0.345159
0.533293
0.660692
0.975708
1.779984
1.056792
1.752456
1.742910
1.746504
1.779594
1.749384
1.768300
0.710494
1.429181
1.754609
1.717371
1.719688
1.759185
1.855699
1.879758
1.734284
1.726893
0.709419
1.600863
1.732575
1.257551
1.061301
1.425784
1.770117
0.751656
1.624471
1.766826
1.740508
1.240083
0.546201
0.309257
0.312272
0.307622
0.307855
0.305671
0.308539
0.317020
0.360137
0.305488
0.305722
0.311208
0.305383
0.313164
0.333668
0.322334
0.309437
0.314472
0.310493
0.311062
0.322658
0.328175
0.408724
0.585096
0.865076
1.645591
1.158523
0.511828
0.390766
0.309213
0.313327
0.335957
0.405982
0.450047
0.618259
0.387525
0.320596
0.312339
0.459346
0.319710
0.305775
0.306299
0.307315
0.306289
0.311814
0.305642
0.308155
0.305876
0.305235
0.308370
0.306984
0.306432
0.335064
0.313283
0.310003
0.312563
0.308304
0.313575
0.327539
0.311104
0.308722
0.311638
0.306377
0.308165
0.313801
0.314999
0.307708
0.307638
0.312320
0.340406
0.307619
0.309860
0.305438
0.306207
0.312196
0.341837
0.337779
0.306367
0.310364
0.310542
0.304952
0.305934
0.305154
0.305014
0.314682
0.359535
0.305358
0.310091
0.305869
0.305948
0.312658
0.308179
0.308203
0.305326
0.307750
0.305283
0.315656
0.306759
0.317809
0.305695
0.305806
0.337460
0.305486
0.308938
0.841685
1.747254
1.723523
1.773572
1.720378
1.741276
1.744687
1.765561
1.728729
1.776306
1.734227
1.784905
1.760952
1.783453
1.773836
1.999616
1.734330
1.717612
1.722610
1.757404
1.155577
0.471222
0.748097
0.482661
0.603051
1.030321
1.509789
1.746600
1.701901
0.530240
0.451058
0.529014
0.549343
0.832698
0.650522
0.317023
0.306520
0.305339
0.312721
0.311812
0.315958
0.315985
0.305285
0.314164
0.309355
0.305940
0.305369
0.312551
0.315164
0.315597
0.308002
0.306585
0.311473
0.364906
0.306942
0.309269
0.306074
0.305840
0.307998
0.308364
0.306355
0.314525
0.308816
0.311571
0.306967
0.308647
0.309975
0.310735
0.323991
0.378011
0.480929
0.672664
1.064452
1.795663
1.802757
1.725155
1.718424
1.401699
1.762678
1.719815
1.806028
1.734111
1.800496
1.820162
1.748163
1.783546
1.789147
1.835205
1.742355
1.716602
0.784055
0.451640
0.328738
0.310109
0.310605
0.312190
0.308568
0.308178
0.308355
0.311518
0.306858
0.305958
0.308463
0.365587
0.310940
0.308433
0.308126
0.307189
0.316304
0.354877
0.313343
0.306791
0.308172
0.307820
0.310008
0.316428
0.306383
0.365772
0.348122
0.549815
0.786086
1.037781
0.816083
0.309683
0.305876
0.308776
0.305722
0.306450
0.311768
0.305393
0.306656
0.313443
0.352284
0.444777
0.603698
0.835231
1.123183
0.836742
0.385819
0.307724
0.312195
0.312010
0.309133
0.306222
0.865702
1.022158
1.776531
0.813197
2.146419
0.675836
1.751637
1.781248
1.824677
1.300284
0.413741
1.734724
1.757162
1.673348
1.226964
1.006092
0.898642
0.584804
0.650751
0.735941
0.817992
1.162618
1.677331
1.749180
1.735643
1.779622
0.809349
0.890165
0.668037
0.539255
1.075314
1.727071
1.801731
1.722388
1.837430
1.758119
1.717240
1.794835
1.729579
1.766765
1.754266
1.163644
1.303249
1.130862
1.004527
1.762041
1.732746
1.768452
1.765195
1.338700
1.020128
1.182824
1.438071
1.746905
1.770281
1.809874
1.796785
1.719886
1.742936
1.824519
1.758765
1.745244
1.773147
1.735070
1.752391
1.734383
1.809507
1.722483
1.129566
0.404678
0.651352
0.749063
0.398246
0.516857
0.527906
0.314865
0.388217
0.313478
0.305914
0.403624
0.306959
0.307996
0.316155
0.309043
0.334937
0.306105
0.314327
0.305497
0.305252
0.310057
0.308513
0.305270
0.315121
0.323380
0.305252
0.331019
0.312018
0.316053
0.306080
0.383026
0.310019
0.313437
0.305873
0.321587
0.306160
0.310983
0.305645
0.304968
0.307293
0.307096
0.310585
0.310504
0.310453
0.314633
0.305709
0.319669
0.308458
0.311182
0.325315
0.362641
0.338437
0.310715
0.311007
0.307251
0.311693
0.336997
0.309488
0.307106
0.309456
0.316105
0.338342
0.312626
0.314467
0.413606
0.311258
0.314065
0.313156
0.309694
0.308816
0.305454
0.305466
0.326638
1.592350
1.323997
1.767896
1.716691
1.734513
1.747861
1.751168
1.781967
1.918532
1.757201
