12.242054
13.911353
9.612463
8.933756
9.336613
18.005478
8.674636
7.959082
7.922656
13.271842
9.225310
14.750242
13.778590
23.221872
13.535868
16.069404
12.864847
13.202861
15.043757
15.506256
17.883770
14.063447
12.700042
7.970250
8.010278
7.995706
8.111487
7.958586
8.052602
10.350832
8.686181
8.046913
8.081425
8.139274
8.199488
10.116452
19.024691
9.251268
8.184534
8.310445
15.198211
12.517889
14.032856
8.033554
8.569986
10.536039
12.488832
18.587515
10.569509
11.156888
11.586486
11.564671
16.356722
15.190024
16.799092
12.129226
21.925610
8.383094
8.129882
9.049732
9.535819
9.508382
14.284752
8.464135
8.014848
9.480462
9.073145
13.726996
16.302110
8.882240
10.584198
9.056914
9.009788
8.964301
9.190801
12.018596
8.098496
8.049537
7.979301
7.861278
10.492008
8.026773
8.414666
13.225573
11.409637
11.604061
14.971235
9.515958
9.880130
12.842156
12.648875
11.482502
8.174633
7.987665
7.980662
8.986812
7.988608
8.023621
7.937930
8.840075
9.310260
13.705536
13.401750
22.812233
13.345567
9.308574
10.803939
8.158731
10.593325
7.922551
8.384761
9.903204
13.413928
11.259804
7.922440
8.988143
15.902583
14.791913
23.649726
9.151585
9.425185
14.038809
15.960914
16.804464
8.904191
9.311371
10.585638
10.071681
15.090295
18.672125
11.298610
7.961694
7.963770
8.057575
14.747914
16.560313
8.976577
10.120204
9.964478
8.827391
12.748089
10.652095
10.175392
10.690443
13.906497
8.541221
8.349981
11.097617
12.208969
11.325610
9.961464
10.936722
16.630353
9.338331
8.527527
8.382975
8.013902
8.368456
9.976487
8.471573
11.524262
13.338457
12.585840
9.756404
9.568100
9.690771
9.099994
9.131887
9.277287
8.004549
8.270755
10.756205
9.815748
7.816674
7.797493
7.882072
7.861385
7.890513
14.354536
9.481080
8.223056
21.299599
10.171825
9.892118
17.801438
17.968282
8.911215
7.907204
7.828202
14.655792
15.756188
12.718526
16.684600
12.870753
13.712054
8.528660
13.216008
12.468368
14.031902
17.028165
8.868158
9.450768
20.193264
19.129045
8.465257
8.173049
10.105134
9.632891
9.350469
19.848281
14.056544
21.671401
9.232974
11.098853
8.152520
8.174561
8.155421
8.047811
9.658793
8.145685
8.668979
12.557771
19.257690
8.621338
9.600252
14.747138
17.103332
10.175564
9.064146
8.924737
7.967039
8.095318
8.063861
8.744704
10.970439
19.024521
12.667477
24.975550
11.454467
11.115676
11.431744
10.098544
18.404173
18.397326
25.624098
26.452053
20.002181
9.316479
18.902278
11.648508
15.348709
23.558301
13.604267
9.102975
20.612252
14.356185
19.485466
22.420165
17.685058
18.009291
14.922731
15.775514
8.472661
9.440499
11.912930
19.598245
10.602141
13.821324
12.374661
14.311105
9.110053
8.193752
8.096633
8.380892
15.062323
8.993366
9.459497
16.468713
8.097625
8.002853
7.911014
8.012908
8.163864
8.823845
8.106018
9.440373
17.697720
15.967538
18.107501
16.704611
14.801559
8.302114
9.623166
8.490633
10.225611
8.001082
8.263430
9.179197
8.096010
7.984497
8.074744
8.028219
8.016047
8.091151
13.623045
7.956807
7.957987
7.927846
7.966690
7.957116
8.585146
10.164898
19.619887
11.147249
8.343605
16.775144
13.851447
8.466045
10.503376
12.365696
16.077787
15.673528
12.878072
8.691021
7.922908
8.010346
8.894977
8.086610
9.446605
8.012793
8.055673
8.040434
8.130026
8.135698
10.891803
11.746029
10.045664
9.946961
8.650382
10.408157
10.435353
12.327896
11.770161
11.543312
11.766474
17.282655
16.996142
17.871983
9.268075
7.955993
8.136730
8.898970
8.514050
12.185556
11.769219
11.579663
8.067579
8.199635
8.187809
7.976059
8.706278
8.670395
11.065629
8.622772
15.719687
19.819281
8.779418
7.815181
9.707761
10.929115
17.145981
14.835413
10.910911
20.749623
23.667616
9.114536
8.114557
8.702796
8.738813
10.762553
12.793712
13.318948
10.829686
19.887436
12.780725
11.864863
23.911957
9.100230
7.991109
7.817773
8.421672
8.593190
10.746829
11.357304
10.916738
12.754692
8.431979
9.181196
30.171538
10.223610
10.583063
11.211259
16.140789
9.462509
9.497049
10.409292
22.728771
9.718344
8.284957
14.484375
13.998410
13.255037
19.551247
9.977064
14.713301
19.452559
8.138670
7.930674
8.200573
15.686933
10.334245
8.078978
8.097870
11.808112
12.096471
9.763554
8.150072
8.158809
8.080502
8.002280
9.513833
8.371994
9.746942
8.082995
8.224515
9.940743
8.118636
8.608452
9.237556
14.505996
8.974715
8.143109
8.891958
9.696744
9.128065
8.449228
8.267000
8.134076
9.663768
10.438187
17.908275
13.468212
13.507840
11.515097
14.162726
11.813119
14.557256
11.737124
8.984911
11.933854
26.735332
18.012093
9.635376
17.683128
9.027024
9.635859
21.826494
15.990001
7.982607
7.841332
8.415388
9.830700
14.916427
8.748120
8.148431
8.220176
8.193480
8.264823
8.303042
9.050177
13.687831
12.862012
19.710227
23.686490
30.379706
20.080386
8.332064
9.242451
10.406247
8.468501
9.110704
10.735207
12.032004
16.992144
9.409509
8.075349
15.222507
14.546262
11.427491
9.366653
8.169045
11.503055
11.191580
8.132934
8.196774
9.412584
8.080433
8.168003
8.105874
9.627385
9.863560
10.880248
12.708552
9.917056
12.319586
8.126343
8.758720
13.458468
8.499403
9.099073
9.177184
8.487963
10.390332
9.043794
19.443251
10.687196
9.891825
17.418580
19.485965
13.262636
13.447370
15.348911
7.950901
8.065512
9.448736
7.914237
7.996885
14.107829
13.560313
13.811559
14.216539
13.495840
8.183377
8.222212
8.172743
8.138464
8.185927
8.302640
13.963821
13.272117
18.732538
8.499527
8.713305
13.850333
9.155861
8.637515
11.083720
8.141306
8.172620
8.218967
14.122816
20.571448
9.623611
10.649039
21.960687
11.036870
19.333043
10.538734
15.079332
13.736852
12.583784
10.449028
7.921365
8.154400
10.607413
14.677876
12.648544
8.097306
8.818449
10.158054
8.092104
8.182876
9.132515
7.940349
8.449968
13.576759
8.131446
8.051128
10.243043
11.823137
15.770899
15.507477
12.825416
9.175527
20.026867
21.717319
15.442981
27.984399
8.206128
8.177032
10.928471
8.884413
13.264684
11.998168
12.510452
10.776352
17.041596
27.727896
24.331761
14.145478
19.135403
10.907154
15.314087
8.150476
7.915894
7.899339
10.553100
13.472048
10.368641
8.014013
8.252240
10.596792
10.102655
8.869278
8.060673
8.032937
8.339427
8.199113
8.080174
8.110588
7.924238
8.180908
8.603632
11.023614
8.178916
8.250148
7.995267
9.118645
15.040933
13.739374
10.924851
15.573249
19.024768
38.924510
27.465252
11.773276
21.236416
29.217563
23.302058
27.667671
33.212280
26.709070
8.808104
9.409688
21.760835
13.752641
18.736961
16.641670
12.313386
9.429275
14.979778
23.727931
33.963015
11.611708
13.752471
12.340124
24.425044
10.103985
32.182395
24.202210
8.331265
7.883909
9.878045
8.041623
7.892224
9.832067
8.167238
8.319035
8.136868
8.195895
8.161427
8.151243
8.306654
9.296656
9.516877
7.976046
8.167532
8.182252
8.114439
8.159877
8.061268
8.345119
8.257114
15.569037
19.268134
9.420309
9.859483
13.419910
21.550361
8.184566
8.277013
7.923754
7.965999
7.949824
8.199077
10.725004
9.166954
7.975399
7.965646
9.366202
14.851744
19.843258
15.960114
18.372498
13.887867
17.065502
20.750495
10.778539
10.457696
10.814351
7.997676
7.901565
8.587130
7.895352
8.148794
9.764525
10.180210
7.950579
7.824147
7.950627
7.963085
8.662175
15.792359
8.874057
9.463463
15.872711
12.258939
12.496257
11.504590
11.779424
12.481996
11.882504
13.406008
9.345336
11.206193
9.753968
8.497697
11.238280
8.147584
8.381073
15.217029
11.441892
17.512021
18.655682
10.418948
7.931615
8.608101
11.407705
8.043523
8.522259
8.955404
11.259430
19.300543
9.306901
10.042009
21.194694
18.923145
19.953151
8.808124
9.412403
9.118280
9.351403
17.245436
14.305389
11.487760
18.297858
11.934062
11.029117
16.281435
17.320512
15.073996
12.340563
22.435385
17.291995
13.251359
10.369578
9.640110
8.498787
8.063791
8.031498
12.235840
10.765516
21.219464
22.315407
17.861938
15.659411
12.807833
11.719040
20.151535
13.801337
11.248416
11.153218
9.065886
10.737162
13.554145
8.326051
8.039363
7.929613
7.878629
8.965852
9.477387
14.803664
8.046839
8.025590
10.562026
11.505656
12.944956
9.608584
22.904680
24.511619
17.098307
10.071952
11.707327
21.554189
13.135644
19.775267
11.031110
14.924381
15.545481
18.329921
8.359258
8.515539
18.232786
9.309842
8.240027
11.107391
10.536422
13.064093
11.038260
15.458877
11.987844
19.288713
14.110230
10.769524
15.197963
16.986155
19.008368
19.462334
8.160335
8.102189
15.900403
11.277770
18.500938
21.608343
14.364441
12.628071
8.736084
11.525640
10.162425
8.276906
9.329684
14.907608
13.413873
11.699993
11.688366
8.561024
7.944425
8.076010
7.966040
8.057657
8.020293
8.243907
8.618346
15.531206
9.021248
9.827463
15.501240
18.224394
15.467427
20.410511
13.559424
9.533933
8.398895
10.524131
10.283277
9.183828
8.144770
10.064145
9.736020
9.533990
8.083988
8.069922
10.170470
15.871397
15.062166
9.532962
9.847897
11.502602
16.877935
10.118587
8.584280
11.435230
9.683424
17.858437
8.816751
16.148400
13.682947
15.433216
18.532776
10.908766
9.203369
14.113785
12.955468
15.897100
13.758890
29.396438
21.274115
13.576119
12.876059
12.852144
39.588859
16.603851
11.444129
24.110950
9.626190
12.349408
15.173217
19.186763
33.052975
22.043723
8.440554
9.147755
12.171271
10.901594
11.004097
11.201641
17.539277
15.865743
15.089561
8.577974
9.010203
10.240364
9.560449
17.864300
16.282878
7.806316
7.884921
9.505692
9.093765
8.642127
21.950286
17.199043
9.998388
10.917304
14.670354
29.876296
8.792631
12.427281
12.607344
22.271839
31.606113
23.441398
18.253088
27.050513
12.931535
7.893119
8.386290
8.747372
9.377119
13.420642
28.242818
9.208831
8.115048
9.611861
7.993975
10.177731
11.253728
21.382393
17.241880
10.836434
7.971406
14.341195
19.504566
23.323318
10.593277
9.223225
10.461810
10.431088
10.572062
13.453080
8.116952
8.635249
15.203214
18.343615
8.657251
9.122875
26.338109
10.890157
20.853274
17.637499
29.683445
rse = 1.265403
iterations : 1000