1.319610
1.327754
1.333704
1.345501
1.636252
1.877595
2.203675
2.701131
3.039269
3.673686
3.181435
3.118116
7.102048
6.797549
7.086719
7.757865
5.249410
7.597950
5.085866
3.583076
5.003575
7.675902
7.438579
7.655074
7.039204
4.426552
3.595536
4.197386
4.942853
5.352324
7.235754
5.428881
6.178576
3.114768
3.024256
3.511165
3.128866
4.580358
7.528475
5.353902
5.912964
7.042800
7.144552
7.061754
6.861409
7.667745
7.746813
6.745738
7.843590
7.644159
2.716335
4.250768
6.870698
5.450227
4.360178
1.354785
4.449438
3.733032
3.956683
5.584714
2.416111
4.890499
4.877288
4.762094
5.755066
5.652246
6.358345
7.499038
6.365363
6.792535
6.868062
7.637570
7.541716
5.001741
6.524146
6.867397
8.331472
5.420923
3.807573
2.546176
2.017486
1.300378
1.349724
2.209569
1.388758
1.472573
1.329676
1.305587
1.459294
1.747936
1.621887
1.951438
4.809350
7.585226
6.631053
7.655333
7.571785
6.961162
6.726868
7.115621
7.660383
7.552028
6.694338
7.016433
7.595704
6.858326
4.167324
1.930998
3.286243
3.281842
3.346756
3.444037
4.575987
5.514298
6.671224
7.581937
5.912211
6.741408
7.007608
6.663536
6.552313
5.849472
2.421673
3.551336
5.433572
7.009856
5.867469
6.746757
6.810936
7.515174
6.710078
7.941507
7.744397
6.119822
6.717111
5.801400
6.664888
6.105200
6.062867
2.468701
3.807113
7.748169
6.696517
6.463077
5.963537
7.766763
7.494632
6.850347
7.329876
5.083518
5.981787
6.980747
5.117388
5.507292
6.811455
6.591929
5.764606
4.780992
7.755485
7.483148
6.880055
6.869750
6.992567
7.388856
6.089209
6.393482
6.288169
6.900244
4.214979
6.311599
7.022501
7.283589
6.637256
5.118997
7.287078
6.838574
3.192111
1.995245
4.032610
4.239738
5.523787
5.764136
6.912807
4.600082
5.040755
6.943163
7.041946
7.274563
4.029335
1.657145
1.349394
1.326239
1.346394
1.324915
1.320723
1.426566
1.381835
1.390451
1.332369
1.358495
1.417735
1.344831
1.349177
1.342244
1.343322
1.389297
1.652924
2.168129
2.393474
2.421998
2.972972
2.568276
3.561064
1.470390
6.833389
1.997862
1.638800
2.471143
1.630409
1.393142
1.498384
1.614859
1.445884
2.883845
6.967733
4.607525
5.089499
7.580851
7.454330
7.262041
6.978681
7.502830
7.020003
4.299321
4.219226
7.699736
7.528723
2.850451
6.994650
7.634379
6.936562
5.303021
3.482779
1.297273
7.591476
7.887277
7.517264
7.218077
6.634108
4.690059
6.778598
6.761011
6.599895
6.739914
7.175869
8.522119
5.907485
1.354441
4.052280
3.001573
6.715599
7.506869
7.849435
7.873789
6.826311
6.823107
7.609488
7.654297
8.004825
7.733007
4.451650
1.304324
1.322314
4.315586
5.083472
7.230771
7.788996
7.801624
7.731428
7.206027
2.251828
6.924764
7.772443
7.477519
6.825750
6.654945
7.470088
6.673942
7.743264
5.416787
7.506337
7.706680
8.691380
7.637643
7.831471
4.486651
2.933497
1.298951
1.342382
6.690645
7.116741
6.788267
6.219596
7.629220
6.652206
7.633906
6.913690
5.165928
3.178416
7.729874
8.274762
7.884802
4.667087
7.953568
7.178027
7.592656
7.390062
5.251069
7.596859
6.746042
7.214313
4.367689
7.615257
6.649209
7.158721
7.539277
7.882507
7.107080
7.630458
7.324616
7.510952
7.253017
7.648151
6.985004
7.582405
7.652319
7.366150
4.894768
7.615054
7.617802
7.677670
7.062015
7.500057
5.259393
5.770959
1.335705
7.570464
7.596267
7.346316
7.930418
7.195848
4.676226
7.490111
7.663447
7.811244
7.437924
7.333251
7.181465
7.550466
7.573694
7.529819
5.696118
7.409151
7.532017
7.197248
4.530236
7.539035
7.670783
7.084972
3.719910
4.179274
6.955759
7.211029
7.117071
6.729426
1.339186
7.617414
7.399232
7.107512
7.682743
7.764422
7.401091
7.549713
5.881480
2.729994
7.495759
6.735814
7.466635
6.516701
2.929881
7.612181
7.871538
7.786529
7.468439
7.802717
5.729909
7.527899
6.993247
6.809141
7.779029
7.607205
7.372668
5.176891
7.479690
6.884692
2.245688
7.513520
3.543733
5.834677
7.779094
7.031804
6.672682
6.394350
2.039502
1.335490
5.485372
5.432272
7.061404
6.370979
7.804998
6.456290
6.488560
6.660449
6.610514
7.895948
7.914141
6.751712
3.689958
3.256248
1.428963
1.348354
5.731312
8.051537
3.615150
6.648972
7.088578
6.885285
6.778414
7.047819
7.680955
7.260923
7.811073
6.712830
7.146972
6.781810
7.287507
6.909762
7.031833
7.596381
7.655190
4.424565
6.937323
7.551690
7.708749
2.529579
3.128115
3.938643
3.050393
4.866217
7.939123
7.470486
4.474832
7.552852
6.621202
6.866506
6.833286
4.099353
5.867572
3.181404
1.739003
3.654482
4.393731
3.431298
3.926293
4.667150
5.247672
6.465433
5.671987
4.267285
2.252865
3.103187
3.263461
2.147121
3.357532
3.638578
4.527959
5.033646
6.139338
5.687245
6.160878
7.352984
6.472856
3.958513
3.632089
2.596395
2.315234
3.279944
3.912731
3.406312
4.025563
6.329218
6.460117
8.052945
6.126415
4.010680
3.093752
4.946457
6.161072
5.509275
5.607258
7.488416
7.147256
7.545959
6.797807
6.493480
3.328920
3.462740
3.702624
5.713475
6.660764
4.230553
1.741863
1.769786
1.610650
1.856715
2.084191
2.667501
4.884094
6.920993
6.652895
6.201133
3.061535
2.542913
7.442209
2.877675
6.780984
7.013620
7.635654
6.825087
7.622362
7.324788
7.552673
7.057092
7.236834
7.554526
7.595774
7.587794
7.801764
7.286147
7.614384
7.113278
7.604841
6.788195
7.577620
7.173352
3.647092
2.097060
1.687475
1.564916
2.642951
4.638923
4.432530
3.760215
5.167690
6.638369
6.614292
6.966521
6.969085
7.112925
6.856713
4.320363
7.776833
7.477560
4.155089
7.155099
7.464663
7.559611
7.798073
7.619926
5.879987
5.690995
7.893197
6.774671
7.530594
8.074284
6.818258
7.616585
1.301329
1.367800
1.327200
1.341376
1.843873
2.891057
5.488971
6.205332
6.625640
7.738005
2.464222
2.536022
4.592113
7.062056
7.030824
7.543985
7.405673
6.065161
6.550860
6.663401
5.779425
6.923715
7.180937
7.168705
7.736442
7.600842
7.544550
7.369096
6.769384
7.468835
6.886392
6.833865
7.477967
7.167065
7.481238
7.490972
7.512187
7.183248
7.598577
7.792687
6.872601
6.734697
7.194193
6.945297
6.708568
3.793372
1.449691
2.278140
4.227693
5.415440
6.337767
6.679591
6.084070
7.562630
6.634535
7.032117
7.205407
7.531074
7.235282
7.518945
7.647462
7.031152
6.785279
7.151107
7.509988
6.788765
7.240818
7.537125
6.971696
7.049327
7.298877
6.828042
7.685811
4.945918
5.976537
7.005896
6.676207
6.979454
6.513936
7.371546
6.859249
7.034958
7.473501
7.366266
4.576349
5.216068
8.077852
7.691735
7.422082
6.499161
5.180211
2.851436
3.393648
7.313833
7.143655
7.119066
7.640094
7.482835
7.368909
7.203941
7.250883
7.071025
7.243008
6.748519
7.051692
7.437158
7.561849
6.820317
7.535775
6.732988
7.033394
6.418874
7.146022
7.321791
7.706544
7.023534
6.549837
6.617512
7.175767
7.517936
7.956618
7.572281
6.656557
7.617226
6.644141
7.618286
6.682256
7.527091
6.728408
7.232725
5.551279
5.712260
4.465234
3.728224
6.329369
5.940806
4.587115
7.209219
7.101686
6.792989
2.665940
4.181920
6.562666
7.722109
6.754998
6.608093
7.090091
7.701390
7.747640
7.121025
7.113783
7.236420
7.752755
6.718389
7.153620
6.675322
6.976793
7.721784
6.858974
6.154736
6.299376
7.895049
7.156354
7.387008
4.879974
5.621707
6.509984
6.248796
5.693971
3.702842
5.765960
6.539657
6.513597
7.606260
7.050187
6.720330
6.257584
3.988247
4.644888
6.318839
7.577428
7.180940
7.462861
6.775365
7.658925
7.674856
6.496363
7.917123
7.169610
6.245628
7.520641
7.202549
6.909896
7.923143
6.714063
6.881653
7.487397
6.992429
7.983012
4.573028
7.104514
7.558217
4.449343
6.727200
7.523359
7.933812
6.131561
3.495226
1.732271
3.204805
4.811843
4.940417
3.481524
2.972459
2.748407
2.170066
5.204459
4.955168
7.241091
6.774896
7.653736
4.682828
7.531690
6.864270
7.494555
7.368071
7.556563
6.698907
6.838040
7.193835
6.893923
6.650754
7.034807
7.523276
6.857144
7.021849
6.954144
7.683032
7.271240
6.747093
7.000152
4.546874
5.816643
7.495209
7.305869
4.778908
7.587192
6.596261
7.061472
7.396777
7.995897
7.012958
4.752772
4.620210
5.534881
5.806851
6.767817
6.518475
6.340208
6.836413
5.434998
5.197544
6.638009
6.854237
6.614580
6.779933
6.513718
6.369101
6.477080
6.816366
6.187457
4.956777
5.275519
3.348439
6.252974
7.709372
7.054859
7.473108
6.740300
6.947618
6.734280
4.206305
4.783673
7.692769
7.226427
7.052026
4.362012
7.775179
7.583750
7.862782
7.487970
7.248726
7.540400
6.317314
3.790731
5.317850
7.278737
6.180938
3.940835
5.277271
4.497695
2.555289
1.342214
2.511342
2.990721
2.185657
1.390662
1.466868
1.450832
1.781113
2.398289
2.640600
2.746131
2.934923
1.823618
2.148383
1.568622
2.553937
2.322066
1.950648
2.491393
2.054482
2.126044
2.147402
2.812398
3.954262
4.239533
2.288534
1.882389
2.510741
2.899691
2.945525
2.468363
3.722569
3.428327
4.392462
4.380806
3.589031
3.658945
4.305454
3.280931
3.633586
4.751446
6.584714
6.617723
3.570025
2.241057
2.726838
3.392040
3.018789
1.811322
1.322475
1.378277
1.560921
1.787894
1.906186
1.915168
2.534838
2.963466
3.365365
1.373099
1.323126
1.357331
1.533748
1.332181
1.325092
1.902544
2.030669
2.810887
2.832495
3.354769
3.682298
4.428253
5.000678
4.308155
2.932494
2.483845
2.990235
3.501205
3.616982
4.879076
5.186282
2.477204
2.944967
5.498408
4.161670
4.349595
4.804546
4.136552
5.467513
4.869180
5.621811
6.345338
4.243742
6.433214
7.352275
6.802132
6.338027
2.597765
3.015129
2.765066
2.828513
1.616056
1.582733
1.424247
1.699802
1.461676
1.375687
1.408525
1.339435
1.373943
1.363180
1.362691
1.351257
rse = 1.209464
iterations : 1000