13.246072
11.770024
23.385252
10.621841
10.756351
11.397244
11.960032
15.180052
10.491740
10.897885
10.470944
10.526400
10.361224
10.276150
10.494105
10.502362
10.515913
10.485403
10.580407
10.554325
10.433264
10.526745
10.594113
10.484682
11.230719
16.386968
10.710848
10.968247
16.728017
17.168238
18.220670
11.152094
10.274616
10.375517
10.432657
10.714727
10.763472
10.451973
10.424309
11.534560
16.896877
16.656334
19.878126
14.641954
15.847682
19.279002
21.065811
16.800668
13.356117
18.220437
13.669763
12.992445
24.265531
13.628244
13.326578
17.579122
15.426561
13.931385
15.012732
12.625165
10.497757
10.521773
10.503595
10.376294
10.418029
15.584940
10.624475
10.460681
10.640458
12.059161
14.094663
15.361829
11.634419
12.842140
16.336348
11.709335
14.929381
16.951722
10.616464
21.788826
11.622959
12.651456
17.740799
18.985525
16.211696
16.486583
12.694904
12.100822
17.230945
22.102859
11.048246
18.863828
14.884021
20.245898
24.228671
10.305522
10.383187
10.499236
10.535719
10.736499
15.148531
10.647907
10.432492
10.398821
10.367352
10.516081
10.483040
10.315552
13.029739
10.440967
11.229905
10.575175
10.595846
10.468906
10.508404
12.611592
14.696575
10.302160
10.248514
10.761129
15.601953
10.390275
10.292195
10.330748
10.629269
16.379088
11.910021
12.632440
25.601082
14.612599
10.280800
11.324031
10.408239
10.451585
17.371833
10.601066
11.193038
16.864523
21.176954
27.853652
13.897066
17.297760
11.066757
17.803240
11.525257
10.514939
10.715606
22.146365
12.009235
11.472298
11.648095
17.205376
11.006632
11.989008
12.155850
10.353353
10.885731
10.787558
17.353466
12.247243
11.989145
14.134266
19.954077
22.040634
17.346696
23.713046
14.262389
11.330661
24.421090
13.779445
25.366726
17.115648
19.422332
10.650357
10.442098
10.417824
10.499856
10.545611
15.068136
12.192213
18.449774
22.070104
10.426276
20.425687
13.328866
10.320283
10.415371
14.248900
13.841927
13.120799
18.898989
13.013800
10.528018
11.116866
14.169160
15.622099
14.954753
19.318467
18.457601
17.120978
11.165266
11.257134
11.428342
10.489219
11.251988
16.155729
10.926889
10.453166
10.464275
11.848483
19.342137
14.897127
18.255371
22.573506
10.687620
13.527238
14.955241
15.449811
10.439815
10.242249
11.858291
10.850101
12.371589
17.233281
16.510854
18.876186
15.217543
19.103742
26.580900
11.154654
10.963230
12.129072
16.129472
10.508723
10.458507
10.705968
10.267431
10.443965
15.650043
10.720000
10.462270
11.419405
17.978340
12.611239
29.333550
11.388603
24.328849
14.444367
15.530339
14.020052
12.760982
10.320062
10.892551
16.990899
17.908772
13.589514
11.546552
13.351595
12.225795
18.446462
11.834694
11.874434
20.677828
11.969669
10.598974
12.141887
15.709926
15.061581
10.858628
12.498328
10.945698
11.564347
13.382760
12.875802
11.709944
14.447467
13.074756
13.533312
11.800055
12.931641
11.224632
21.392797
11.658475
11.029352
10.542785
10.551556
16.033918
10.675325
10.530442
10.504036
10.886297
10.457656
10.903058
18.503237
12.080917
12.992281
14.991878
12.720251
23.689436
12.013398
10.405346
11.971253
21.053236
10.319131
10.322838
10.511277
16.383670
25.968959
12.095176
10.306115
10.398206
15.737793
13.221711
18.316553
10.683366
11.521854
13.973437
15.225010
22.322953
10.534328
20.725137
33.492027
11.516222
11.197511
14.128148
27.127989
18.484929
25.212383
10.513334
10.545485
13.472266
14.521686
16.684651
18.822305
19.622613
13.470305
11.694201
13.468878
10.804481
10.715498
10.805127
11.264909
10.505796
10.634634
11.781437
13.528571
12.189334
12.693797
10.533209
15.383979
11.226577
11.454813
20.159591
14.620695
15.695742
15.654571
10.617937
10.729083
12.657205
14.586969
15.096221
19.795608
15.402051
11.209603
16.385256
13.327297
10.520694
10.557962
10.684499
13.421356
11.433974
11.192278
11.001757
19.822709
19.578618
13.238816
27.360173
15.318027
10.636977
11.307011
11.829093
10.694562
10.697463
10.655765
13.745633
19.772222
16.174039
10.834950
10.637437
17.294708
11.472639
12.411117
18.442525
10.658097
10.472116
11.134232
13.010172
13.788676
10.550330
10.962511
10.530106
10.723975
10.714803
10.836809
13.014371
18.047448
11.146274
12.257867
10.667968
10.301987
11.007635
14.402494
16.673327
16.113972
10.372972
10.768501
10.859120
10.443764
20.347269
11.517381
13.100771
14.238720
16.357210
11.621106
13.396389
12.555026
10.529268
20.538418
11.751167
11.055342
12.753343
10.731901
11.160990
11.965800
17.440229
14.903751
10.730723
11.183426
11.649718
12.888399
10.305578
11.623450
18.610317
24.520016
18.708172
11.909301
12.033959
14.811056
11.258688
15.898203
12.608209
10.545816
11.467341
18.242277
13.237670
11.976668
14.655281
11.986566
11.941391
17.463078
21.560841
10.352272
11.109435
11.320306
11.538338
10.592411
10.405402
10.518985
14.439679
14.252679
12.986105
14.182987
18.955624
14.326641
10.478956
10.402022
10.558330
10.648147
10.497821
10.680372
10.526916
11.387461
10.633417
12.067332
10.531108
10.571347
18.916231
13.991032
16.360949
18.634684
24.015101
15.474837
17.130137
19.180676
14.890982
12.711791
12.418086
11.044336
13.512837
10.752785
19.569296
13.372434
17.646984
12.474765
15.554966
19.342315
15.723154
13.394241
17.715300
21.799528
10.720502
12.830730
30.917568
24.219836
10.449711
11.592904
17.710275
10.387158
10.896172
12.120118
16.548193
24.525749
16.535598
10.521169
10.642902
10.434219
10.799977
10.552318
10.436138
10.662104
12.387545
22.985314
19.299519
10.286098
10.238727
10.429571
10.471081
10.678967
10.529306
10.856578
11.362349
10.719722
10.722089
10.878786
11.480142
22.607019
10.523392
10.651741
10.663996
14.811153
14.078632
20.259879
30.298875
17.379803
10.902521
10.669203
10.765921
10.734620
10.967794
10.589396
10.582363
10.717416
11.759822
10.663675
10.883358
11.086427
10.671593
10.647940
10.776190
10.693910
10.696503
10.840098
10.712343
10.611830
10.215661
10.626036
10.554073
10.645760
10.721464
10.653545
11.005657
10.618625
35.175043
10.520769
10.664040
10.651752
11.090792
10.963605
10.723149
10.297479
10.627324
10.773619
10.911053
11.017998
10.841247
10.622254
10.861957
10.566297
10.651922
10.653458
10.527229
10.559919
10.493587
10.702882
10.665243
10.606236
10.448572
10.621417
10.571738
10.485323
10.546134
10.792737
10.785100
10.780142
10.899558
10.983874
10.920557
10.899648
10.840470
11.134984
16.004200
15.734853
11.323298
11.020552
11.980143
11.800144
12.505717
21.217519
11.651111
12.675351
18.056580
16.184437
11.307810
12.279139
13.911355
13.406207
22.324577
12.382420
14.072762
24.826452
11.735047
17.256488
12.492397
13.546659
21.019604
19.679097
10.970467
12.390462
12.155186
12.116296
10.897563
10.599208
10.530863
10.709983
10.604971
10.729903
11.478429
12.054944
14.604081
12.407689
10.472907
13.193195
14.474167
14.491793
13.547941
13.062631
21.227537
21.400809
17.756919
19.515186
16.646397
18.531701
17.884678
10.568126
10.621787
10.494096
10.665231
10.774956
20.111441
28.303080
11.445643
13.356092
37.456940
26.384575
10.734357
14.061980
16.561222
11.906742
12.747885
10.253643
10.376040
10.511104
17.752364
14.449983
11.859069
10.643774
10.301963
10.457307
10.501141
15.822194
10.642017
10.434322
10.929694
11.512162
10.686073
11.103283
10.820896
10.643227
10.633162
10.400644
10.561200
10.421244
10.359549
10.517653
10.393988
11.444790
10.337582
10.441347
10.468253
10.439950
10.899879
11.569995
10.557651
11.391626
15.087069
10.189589
10.267072
19.133151
12.336898
10.255887
10.480322
11.491296
21.502301
21.492561
10.526437
10.824654
10.470110
10.471225
11.369490
35.360549
15.413919
13.629528
11.193854
11.081938
13.458370
13.144673
10.675910
14.239644
13.726614
25.155956
25.800749
12.268862
12.404563
17.638404
18.006457
14.640231
11.334045
19.756152
25.547985
23.340887
28.637589
10.634918
12.177744
12.911606
11.987717
16.305813
12.332011
14.785646
15.640824
10.497518
10.455695
10.253850
10.520936
12.697053
11.337813
11.372285
15.063733
13.000594
15.548055
20.131744
14.995857
11.469035
10.568371
13.200068
13.224390
12.932652
12.206167
13.152373
10.433860
10.797938
10.480613
10.500488
10.632168
10.752271
10.783091
10.901186
10.767612
10.805146
11.014288
10.651924
11.385807
10.487975
10.620662
10.556849
10.460771
10.646322
10.726394
10.407722
10.493612
10.416506
10.749170
12.374534
15.842963
11.050632
12.688886
15.116917
15.210465
14.378800
12.597615
12.952206
11.249268
12.994482
16.609056
20.657410
13.511829
10.722872
11.106741
10.977787
10.635268
10.772348
10.763434
10.792116
10.756973
11.687439
11.315367
10.738787
10.772168
10.678601
14.648005
12.663423
10.606020
11.563225
15.259508
10.975141
10.980593
10.954151
10.815095
10.799344
11.115474
18.903379
11.548688
11.228795
11.617171
13.127747
12.989237
16.916508
19.555102
23.240283
17.365996
12.061682
15.879837
10.875348
10.980195
18.414030
14.400637
14.689298
14.334567
13.148339
12.954954
15.892767
13.971706
24.025393
17.766412
12.980674
12.586162
17.778132
13.377332
12.027914
11.502118
10.677216
10.636004
12.745789
16.560672
14.529871
18.209554
16.449241
16.713890
17.437625
10.730300
10.901733
10.770714
10.653650
10.619892
10.707351
12.574944
10.703846
11.172083
14.343474
10.780241
10.635779
10.552288
10.463415
20.051348
13.121652
11.157936
15.459732
13.473534
12.692827
11.953276
10.812948
11.352737
12.783040
20.774066
rse = 0.999858
iterations : 911
