23.743625
18.194598
18.072826
17.896578
17.882151
17.728897
17.584970
17.682598
17.310658
18.340107
17.386800
18.050854
18.256400
24.664762
17.874414
19.343264
18.554340
17.664499
17.649159
17.925470
17.972498
18.319287
18.187637
17.820406
17.830406
18.033085
17.934669
17.972376
17.941633
18.573864
17.945716
18.293344
17.750633
17.751867
17.925533
17.944762
17.986260
17.819981
17.811301
17.837743
17.694159
17.818776
18.432952
17.763273
17.683230
17.979302
18.271501
17.393240
17.650132
17.359494
17.295990
rse = 0.989793
iterations : 50
