3.583339
3.621032
3.573512
5.039207
3.864949
4.049087
3.682336
4.064846
3.700650
3.816867
5.728984
3.979922
3.571820
3.608567
3.658709
3.605373
3.633604
3.687395
3.567625
3.577159
3.604798
3.553519
3.558817
3.570520
3.619805
3.601679
3.483318
3.547503
3.537394
3.610152
3.638460
3.559328
3.531366
3.532942
3.520179
3.524533
3.528850
3.609646
3.560082
3.489857
3.510069
3.522211
3.416400
3.398269
3.148466
3.475965
3.693680
3.482804
3.540994
3.528174
3.413890
3.451558
3.436784
3.512893
3.360744
3.530389
3.539859
3.521735
3.567971
3.520895
3.462269
3.372270
3.388582
3.432180
3.532020
3.527395
3.466048
3.484346
3.501849
3.437252
3.476556
3.521955
3.416344
3.420703
3.544647
3.514274
3.565215
3.569103
3.632653
3.624382
3.619293
3.623579
rse = 0.993938
iterations : 82
