3.736329
3.706663
3.723368
3.656886
3.646462
5.150319
4.136462
3.850900
3.557130
3.582134
3.763485
3.525185
3.488789
3.751026
3.417371
3.437682
3.681199
3.551504
3.733177
3.524882
3.497028
3.613399
3.524534
3.549442
3.496301
3.421712
3.448339
3.468507
3.489564
3.524711
3.431589
3.499687
3.500697
3.557960
3.500165
3.469527
3.573699
3.420730
3.466737
3.530108
3.548143
3.081150
3.389283
3.349828
3.409465
3.452678
3.347878
3.448972
3.456716
3.366070
3.312830
3.533612
3.453241
3.549951
3.555850
3.552153
3.636186
3.645415
3.592038
3.602983
rse = 0.999043
iterations : 60
