7216617.000000
7487199.000000
7477951.000000
7636386.000000
7671915.000000
7483056.000000
7348861.000000
7492184.000000
7373217.000000
7223433.000000
7547593.000000
7480699.000000
7385049.000000
7050495.000000
6625440.000000
6591066.000000
7254577.000000
7493391.000000
7496190.000000
7359566.000000
7242447.000000
7277270.000000
6583229.000000
7451255.000000
7284819.000000
7281446.000000
7050425.000000
6586519.000000
7546548.000000
6611935.000000
7352145.000000
7414679.000000
7352614.000000
rse = 0.998863
iterations : 33
